0.0005 0.0021551 0.0001
0.0005 0.0043103 0.0001
0.0005 0.0064655 0.0001
0.0005 0.0086206 0.0001
0.0005 0.0107758 0.0001
0.0005 0.0129310 0.0001
0.0005 0.0150862 0.0001
0.0005 0.0172413 0.0001
0.0005 0.0193965 0.0001
0.0005 0.0215517 0.0001
0.001 0.0021551 0.0001
0.001 0.0043103 0.0001
0.001 0.0064655 0.0001
0.001 0.0086206 0.0001
0.001 0.0107758 0.0001
0.001 0.0129310 0.0001
0.001 0.0150862 0.0001
0.001 0.0172413 0.0001
0.001 0.0193965 0.0001
0.001 0.0215517 0.0001
0.002 0.0021551 0.0001
0.002 0.0043103 0.0001
0.002 0.0064655 0.0001
0.002 0.0086206 0.0001
0.002 0.0107758 0.0001
0.002 0.0129310 0.0001
0.002 0.0150862 0.0001
0.002 0.0172413 0.0001
0.002 0.0193965 0.0001
0.002 0.0215517 0.0001
0.004 0.0021551 0.0001
0.004 0.0043103 0.0001
0.004 0.0064655 0.0001
0.004 0.0086206 0.0001
0.004 0.0107758 0.0001
0.004 0.0129310 0.0001
0.004 0.0150862 0.0001
0.004 0.0172413 0.0001
0.004 0.0193965 0.0001
0.004 0.0215517 0.0001
0.008 0.0021551 0.0001
0.008 0.0043103 0.0001
0.008 0.0064655 0.0001
0.008 0.0086206 0.0001
0.008 0.0107758 0.0001
0.008 0.0129310 0.0001
0.008 0.0150862 0.0001
0.008 0.0172413 0.0001
0.008 0.0193965 0.0001
0.008 0.0215517 0.0001
0.016 0.0021551 0.0001
0.016 0.0043103 0.0001
0.016 0.0064655 0.0001
0.016 0.0086206 0.0001
0.016 0.0107758 0.0001
0.016 0.0129310 0.0001
0.016 0.0150862 0.0001
0.016 0.0172413 0.0001
0.016 0.0193965 0.0001
0.016 0.0215517 0.0001
0.032 0.0021551 0.0001
0.032 0.0043103 0.0001
0.032 0.0064655 0.0001
0.032 0.0086206 0.0001
0.032 0.0107758 0.0001
0.032 0.0129310 0.0001
0.032 0.0150862 0.0001
0.032 0.0172413 0.0001
0.032 0.0193965 0.0001
0.032 0.0215517 0.0001
0.064 0.0021551 0.0001
0.064 0.0043103 0.0001
0.064 0.0064655 0.0001
0.064 0.0086206 0.0001
0.064 0.0107758 0.0001
0.064 0.0129310 0.0001
0.064 0.0150862 0.0001
0.064 0.0172413 0.0001
0.064 0.0193965 0.0001
0.064 0.0215517 0.0001
0.128 0.0021551 0.0001
0.128 0.0043103 0.0001
0.128 0.0064655 0.0001
0.128 0.0086206 0.0001
0.128 0.0107758 0.0001
0.128 0.0129310 0.0001
0.128 0.0150862 0.0001
0.128 0.0172413 0.0001
0.128 0.0193965 0.0001
0.128 0.0215517 0.0001
0.256 0.0021551 0.0001
0.256 0.0043103 0.0001
0.256 0.0064655 0.0001
0.256 0.0086206 0.0001
0.256 0.0107758 0.0001
0.256 0.0129310 0.0001
0.256 0.0150862 0.0001
0.256 0.0172413 0.0001
0.256 0.0193965 0.0001
0.256 0.0215517 0.0001
