0.0005 0.0016447 0
0.0005 0.0032894 0
0.0005 0.0049342 0
0.0005 0.0065789 0
0.0005 0.0082236 0
0.0005 0.0098684 0
0.0005 0.0115131 0
0.0005 0.0131578 0
0.0005 0.0148026 0
0.0005 0.0164473 0
0.001 0.0016447 0
0.001 0.0032894 0
0.001 0.0049342 0
0.001 0.0065789 0
0.001 0.0082236 0
0.001 0.0098684 0
0.001 0.0115131 0
0.001 0.0131578 0
0.001 0.0148026 0
0.001 0.0164473 0
0.002 0.0016447 0
0.002 0.0032894 0
0.002 0.0049342 0
0.002 0.0065789 0
0.002 0.0082236 0
0.002 0.0098684 0
0.002 0.0115131 0
0.002 0.0131578 0
0.002 0.0148026 0
0.002 0.0164473 0
0.004 0.0016447 0
0.004 0.0032894 0
0.004 0.0049342 0
0.004 0.0065789 0
0.004 0.0082236 0
0.004 0.0098684 0
0.004 0.0115131 0
0.004 0.0131578 0
0.004 0.0148026 0
0.004 0.0164473 0
0.008 0.0016447 0
0.008 0.0032894 0
0.008 0.0049342 0
0.008 0.0065789 0
0.008 0.0082236 0
0.008 0.0098684 0
0.008 0.0115131 0
0.008 0.0131578 0
0.008 0.0148026 0
0.008 0.0164473 0
0.016 0.0016447 0
0.016 0.0032894 0
0.016 0.0049342 0
0.016 0.0065789 0
0.016 0.0082236 0
0.016 0.0098684 0
0.016 0.0115131 0
0.016 0.0131578 0
0.016 0.0148026 0
0.016 0.0164473 0
0.032 0.0016447 0
0.032 0.0032894 0
0.032 0.0049342 0
0.032 0.0065789 0
0.032 0.0082236 0
0.032 0.0098684 0
0.032 0.0115131 0
0.032 0.0131578 0
0.032 0.0148026 0
0.032 0.0164473 0
0.064 0.0016447 0
0.064 0.0032894 0
0.064 0.0049342 0
0.064 0.0065789 0
0.064 0.0082236 0
0.064 0.0098684 0
0.064 0.0115131 0
0.064 0.0131578 0
0.064 0.0148026 0
0.064 0.0164473 0
0.128 0.0016447 0
0.128 0.0032894 0
0.128 0.0049342 0
0.128 0.0065789 0
0.128 0.0082236 0
0.128 0.0098684 0
0.128 0.0115131 0
0.128 0.0131578 0
0.128 0.0148026 0
0.128 0.0164473 0
0.256 0.0016447 0
0.256 0.0032894 0
0.256 0.0049342 0
0.256 0.0065789 0
0.256 0.0082236 0
0.256 0.0098684 0
0.256 0.0115131 0
0.256 0.0131578 0
0.256 0.0148026 0
0.256 0.0164473 0
