0.0005 0.0024154 0
0.0005 0.0048309 0
0.0005 0.0072463 0
0.0005 0.0096618 0
0.0005 0.0120772 0
0.0005 0.0144927 0
0.0005 0.0169082 0
0.0005 0.0193236 0
0.0005 0.0217391 0
0.0005 0.0241545 0
0.001 0.0024154 0
0.001 0.0048309 0
0.001 0.0072463 0
0.001 0.0096618 0
0.001 0.0120772 0
0.001 0.0144927 0
0.001 0.0169082 0
0.001 0.0193236 0
0.001 0.0217391 0
0.001 0.0241545 0
0.002 0.0024154 0
0.002 0.0048309 0
0.002 0.0072463 0
0.002 0.0096618 0
0.002 0.0120772 0
0.002 0.0144927 0
0.002 0.0169082 0
0.002 0.0193236 0
0.002 0.0217391 0
0.002 0.0241545 0
0.004 0.0024154 0
0.004 0.0048309 0
0.004 0.0072463 0
0.004 0.0096618 0
0.004 0.0120772 0
0.004 0.0144927 0
0.004 0.0169082 0
0.004 0.0193236 0
0.004 0.0217391 0
0.004 0.0241545 0
0.008 0.0024154 0
0.008 0.0048309 0
0.008 0.0072463 0
0.008 0.0096618 0
0.008 0.0120772 0
0.008 0.0144927 0
0.008 0.0169082 0
0.008 0.0193236 0
0.008 0.0217391 0
0.008 0.0241545 0
0.016 0.0024154 0
0.016 0.0048309 0
0.016 0.0072463 0
0.016 0.0096618 0
0.016 0.0120772 0
0.016 0.0144927 0
0.016 0.0169082 0
0.016 0.0193236 0
0.016 0.0217391 0
0.016 0.0241545 0
0.032 0.0024154 0
0.032 0.0048309 0
0.032 0.0072463 0
0.032 0.0096618 0
0.032 0.0120772 0
0.032 0.0144927 0
0.032 0.0169082 0
0.032 0.0193236 0
0.032 0.0217391 0
0.032 0.0241545 0
0.064 0.0024154 0
0.064 0.0048309 0
0.064 0.0072463 0
0.064 0.0096618 0
0.064 0.0120772 0
0.064 0.0144927 0
0.064 0.0169082 0
0.064 0.0193236 0
0.064 0.0217391 0
0.064 0.0241545 0
0.128 0.0024154 0
0.128 0.0048309 0
0.128 0.0072463 0
0.128 0.0096618 0
0.128 0.0120772 0
0.128 0.0144927 0
0.128 0.0169082 0
0.128 0.0193236 0
0.128 0.0217391 0
0.128 0.0241545 0
0.256 0.0024154 0
0.256 0.0048309 0
0.256 0.0072463 0
0.256 0.0096618 0
0.256 0.0120772 0
0.256 0.0144927 0
0.256 0.0169082 0
0.256 0.0193236 0
0.256 0.0217391 0
0.256 0.0241545 0
