0.0005 0.0025125 0
0.0005 0.0050251 0
0.0005 0.0075376 0
0.0005 0.0100502 0
0.0005 0.0125628 0
0.0005 0.0150753 0
0.0005 0.0175879 0
0.0005 0.0201005 0
0.0005 0.0226130 0
0.0005 0.0251256 0
0.001 0.0025125 0
0.001 0.0050251 0
0.001 0.0075376 0
0.001 0.0100502 0
0.001 0.0125628 0
0.001 0.0150753 0
0.001 0.0175879 0
0.001 0.0201005 0
0.001 0.0226130 0
0.001 0.0251256 0
0.002 0.0025125 0
0.002 0.0050251 0
0.002 0.0075376 0
0.002 0.0100502 0
0.002 0.0125628 0
0.002 0.0150753 0
0.002 0.0175879 0
0.002 0.0201005 0
0.002 0.0226130 0
0.002 0.0251256 0
0.004 0.0025125 0
0.004 0.0050251 0
0.004 0.0075376 0
0.004 0.0100502 0
0.004 0.0125628 0
0.004 0.0150753 0
0.004 0.0175879 0
0.004 0.0201005 0
0.004 0.0226130 0
0.004 0.0251256 0
0.008 0.0025125 0
0.008 0.0050251 0
0.008 0.0075376 0
0.008 0.0100502 0
0.008 0.0125628 0
0.008 0.0150753 0
0.008 0.0175879 0
0.008 0.0201005 0
0.008 0.0226130 0
0.008 0.0251256 0
0.016 0.0025125 0
0.016 0.0050251 0
0.016 0.0075376 0
0.016 0.0100502 0
0.016 0.0125628 0
0.016 0.0150753 0
0.016 0.0175879 0
0.016 0.0201005 0
0.016 0.0226130 0
0.016 0.0251256 0
0.032 0.0025125 0
0.032 0.0050251 0
0.032 0.0075376 0
0.032 0.0100502 0
0.032 0.0125628 0
0.032 0.0150753 0
0.032 0.0175879 0
0.032 0.0201005 0
0.032 0.0226130 0
0.032 0.0251256 0
0.064 0.0025125 0
0.064 0.0050251 0
0.064 0.0075376 0
0.064 0.0100502 0
0.064 0.0125628 0
0.064 0.0150753 0
0.064 0.0175879 0
0.064 0.0201005 0
0.064 0.0226130 0
0.064 0.0251256 0
0.128 0.0025125 0
0.128 0.0050251 0
0.128 0.0075376 0
0.128 0.0100502 0
0.128 0.0125628 0
0.128 0.0150753 0
0.128 0.0175879 0
0.128 0.0201005 0
0.128 0.0226130 0
0.128 0.0251256 0
0.256 0.0025125 0
0.256 0.0050251 0
0.256 0.0075376 0
0.256 0.0100502 0
0.256 0.0125628 0
0.256 0.0150753 0
0.256 0.0175879 0
0.256 0.0201005 0
0.256 0.0226130 0
0.256 0.0251256 0
