1 175390408 177390407 sample_7
2 207688530 209688529 sample_19
3 88486346 90486345 sample_3
3 182147001 184147000 sample_20
5 66845698 68845697 sample_15
9 13030275 15030274 sample_9
9 136118893 138118892 sample_14
10 78395032 80395031 sample_17
10 98838405 100838404 sample_18
11 6485711 8485710 sample_5
11 26970101 28970100 sample_10
13 53435892 55435891 sample_16
13 88782265 90782264 sample_12
14 30306079 32306078 sample_13
15 34086530 36086529 sample_4
15 80368151 82368150 sample_1
16 68070476 70070475 sample_2
17 63016380 65016379 sample_11
20 12836351 14836350 sample_6
20 38168960 40168959 sample_8
