0.0005 0.0023201 0.0001
0.0005 0.0046403 0.0001
0.0005 0.0069605 0.0001
0.0005 0.0092807 0.0001
0.0005 0.0116009 0.0001
0.0005 0.0139211 0.0001
0.0005 0.0162412 0.0001
0.0005 0.0185614 0.0001
0.0005 0.0208816 0.0001
0.0005 0.0232018 0.0001
0.001 0.0023201 0.0001
0.001 0.0046403 0.0001
0.001 0.0069605 0.0001
0.001 0.0092807 0.0001
0.001 0.0116009 0.0001
0.001 0.0139211 0.0001
0.001 0.0162412 0.0001
0.001 0.0185614 0.0001
0.001 0.0208816 0.0001
0.001 0.0232018 0.0001
0.002 0.0023201 0.0001
0.002 0.0046403 0.0001
0.002 0.0069605 0.0001
0.002 0.0092807 0.0001
0.002 0.0116009 0.0001
0.002 0.0139211 0.0001
0.002 0.0162412 0.0001
0.002 0.0185614 0.0001
0.002 0.0208816 0.0001
0.002 0.0232018 0.0001
0.004 0.0023201 0.0001
0.004 0.0046403 0.0001
0.004 0.0069605 0.0001
0.004 0.0092807 0.0001
0.004 0.0116009 0.0001
0.004 0.0139211 0.0001
0.004 0.0162412 0.0001
0.004 0.0185614 0.0001
0.004 0.0208816 0.0001
0.004 0.0232018 0.0001
0.008 0.0023201 0.0001
0.008 0.0046403 0.0001
0.008 0.0069605 0.0001
0.008 0.0092807 0.0001
0.008 0.0116009 0.0001
0.008 0.0139211 0.0001
0.008 0.0162412 0.0001
0.008 0.0185614 0.0001
0.008 0.0208816 0.0001
0.008 0.0232018 0.0001
0.016 0.0023201 0.0001
0.016 0.0046403 0.0001
0.016 0.0069605 0.0001
0.016 0.0092807 0.0001
0.016 0.0116009 0.0001
0.016 0.0139211 0.0001
0.016 0.0162412 0.0001
0.016 0.0185614 0.0001
0.016 0.0208816 0.0001
0.016 0.0232018 0.0001
0.032 0.0023201 0.0001
0.032 0.0046403 0.0001
0.032 0.0069605 0.0001
0.032 0.0092807 0.0001
0.032 0.0116009 0.0001
0.032 0.0139211 0.0001
0.032 0.0162412 0.0001
0.032 0.0185614 0.0001
0.032 0.0208816 0.0001
0.032 0.0232018 0.0001
0.064 0.0023201 0.0001
0.064 0.0046403 0.0001
0.064 0.0069605 0.0001
0.064 0.0092807 0.0001
0.064 0.0116009 0.0001
0.064 0.0139211 0.0001
0.064 0.0162412 0.0001
0.064 0.0185614 0.0001
0.064 0.0208816 0.0001
0.064 0.0232018 0.0001
0.128 0.0023201 0.0001
0.128 0.0046403 0.0001
0.128 0.0069605 0.0001
0.128 0.0092807 0.0001
0.128 0.0116009 0.0001
0.128 0.0139211 0.0001
0.128 0.0162412 0.0001
0.128 0.0185614 0.0001
0.128 0.0208816 0.0001
0.128 0.0232018 0.0001
0.256 0.0023201 0.0001
0.256 0.0046403 0.0001
0.256 0.0069605 0.0001
0.256 0.0092807 0.0001
0.256 0.0116009 0.0001
0.256 0.0139211 0.0001
0.256 0.0162412 0.0001
0.256 0.0185614 0.0001
0.256 0.0208816 0.0001
0.256 0.0232018 0.0001
