0.0005 0.0029850 0
0.0005 0.0059701 0
0.0005 0.0089552 0
0.0005 0.0119402 0
0.0005 0.0149253 0
0.0005 0.0179104 0
0.0005 0.0208955 0
0.0005 0.0238805 0
0.0005 0.0268656 0
0.0005 0.0298507 0
0.001 0.0029850 0
0.001 0.0059701 0
0.001 0.0089552 0
0.001 0.0119402 0
0.001 0.0149253 0
0.001 0.0179104 0
0.001 0.0208955 0
0.001 0.0238805 0
0.001 0.0268656 0
0.001 0.0298507 0
0.002 0.0029850 0
0.002 0.0059701 0
0.002 0.0089552 0
0.002 0.0119402 0
0.002 0.0149253 0
0.002 0.0179104 0
0.002 0.0208955 0
0.002 0.0238805 0
0.002 0.0268656 0
0.002 0.0298507 0
0.004 0.0029850 0
0.004 0.0059701 0
0.004 0.0089552 0
0.004 0.0119402 0
0.004 0.0149253 0
0.004 0.0179104 0
0.004 0.0208955 0
0.004 0.0238805 0
0.004 0.0268656 0
0.004 0.0298507 0
0.008 0.0029850 0
0.008 0.0059701 0
0.008 0.0089552 0
0.008 0.0119402 0
0.008 0.0149253 0
0.008 0.0179104 0
0.008 0.0208955 0
0.008 0.0238805 0
0.008 0.0268656 0
0.008 0.0298507 0
0.016 0.0029850 0
0.016 0.0059701 0
0.016 0.0089552 0
0.016 0.0119402 0
0.016 0.0149253 0
0.016 0.0179104 0
0.016 0.0208955 0
0.016 0.0238805 0
0.016 0.0268656 0
0.016 0.0298507 0
0.032 0.0029850 0
0.032 0.0059701 0
0.032 0.0089552 0
0.032 0.0119402 0
0.032 0.0149253 0
0.032 0.0179104 0
0.032 0.0208955 0
0.032 0.0238805 0
0.032 0.0268656 0
0.032 0.0298507 0
0.064 0.0029850 0
0.064 0.0059701 0
0.064 0.0089552 0
0.064 0.0119402 0
0.064 0.0149253 0
0.064 0.0179104 0
0.064 0.0208955 0
0.064 0.0238805 0
0.064 0.0268656 0
0.064 0.0298507 0
0.128 0.0029850 0
0.128 0.0059701 0
0.128 0.0089552 0
0.128 0.0119402 0
0.128 0.0149253 0
0.128 0.0179104 0
0.128 0.0208955 0
0.128 0.0238805 0
0.128 0.0268656 0
0.128 0.0298507 0
0.256 0.0029850 0
0.256 0.0059701 0
0.256 0.0089552 0
0.256 0.0119402 0
0.256 0.0149253 0
0.256 0.0179104 0
0.256 0.0208955 0
0.256 0.0238805 0
0.256 0.0268656 0
0.256 0.0298507 0
