0.0005 0.0017211 0
0.0005 0.0034423 0
0.0005 0.0051635 0
0.0005 0.0068846 0
0.0005 0.0086058 0
0.0005 0.0103270 0
0.0005 0.0120481 0
0.0005 0.0137693 0
0.0005 0.0154905 0
0.0005 0.0172117 0
0.001 0.0017211 0
0.001 0.0034423 0
0.001 0.0051635 0
0.001 0.0068846 0
0.001 0.0086058 0
0.001 0.0103270 0
0.001 0.0120481 0
0.001 0.0137693 0
0.001 0.0154905 0
0.001 0.0172117 0
0.002 0.0017211 0
0.002 0.0034423 0
0.002 0.0051635 0
0.002 0.0068846 0
0.002 0.0086058 0
0.002 0.0103270 0
0.002 0.0120481 0
0.002 0.0137693 0
0.002 0.0154905 0
0.002 0.0172117 0
0.004 0.0017211 0
0.004 0.0034423 0
0.004 0.0051635 0
0.004 0.0068846 0
0.004 0.0086058 0
0.004 0.0103270 0
0.004 0.0120481 0
0.004 0.0137693 0
0.004 0.0154905 0
0.004 0.0172117 0
0.008 0.0017211 0
0.008 0.0034423 0
0.008 0.0051635 0
0.008 0.0068846 0
0.008 0.0086058 0
0.008 0.0103270 0
0.008 0.0120481 0
0.008 0.0137693 0
0.008 0.0154905 0
0.008 0.0172117 0
0.016 0.0017211 0
0.016 0.0034423 0
0.016 0.0051635 0
0.016 0.0068846 0
0.016 0.0086058 0
0.016 0.0103270 0
0.016 0.0120481 0
0.016 0.0137693 0
0.016 0.0154905 0
0.016 0.0172117 0
0.032 0.0017211 0
0.032 0.0034423 0
0.032 0.0051635 0
0.032 0.0068846 0
0.032 0.0086058 0
0.032 0.0103270 0
0.032 0.0120481 0
0.032 0.0137693 0
0.032 0.0154905 0
0.032 0.0172117 0
0.064 0.0017211 0
0.064 0.0034423 0
0.064 0.0051635 0
0.064 0.0068846 0
0.064 0.0086058 0
0.064 0.0103270 0
0.064 0.0120481 0
0.064 0.0137693 0
0.064 0.0154905 0
0.064 0.0172117 0
0.128 0.0017211 0
0.128 0.0034423 0
0.128 0.0051635 0
0.128 0.0068846 0
0.128 0.0086058 0
0.128 0.0103270 0
0.128 0.0120481 0
0.128 0.0137693 0
0.128 0.0154905 0
0.128 0.0172117 0
0.256 0.0017211 0
0.256 0.0034423 0
0.256 0.0051635 0
0.256 0.0068846 0
0.256 0.0086058 0
0.256 0.0103270 0
0.256 0.0120481 0
0.256 0.0137693 0
0.256 0.0154905 0
0.256 0.0172117 0
