0.0005 0.0010764 0
0.0005 0.0021528 0
0.0005 0.0032292 0
0.0005 0.0043057 0
0.0005 0.0053821 0
0.0005 0.0064585 0
0.0005 0.0075349 0
0.0005 0.0086114 0
0.0005 0.0096878 0
0.0005 0.0107642 0
0.001 0.0010764 0
0.001 0.0021528 0
0.001 0.0032292 0
0.001 0.0043057 0
0.001 0.0053821 0
0.001 0.0064585 0
0.001 0.0075349 0
0.001 0.0086114 0
0.001 0.0096878 0
0.001 0.0107642 0
0.002 0.0010764 0
0.002 0.0021528 0
0.002 0.0032292 0
0.002 0.0043057 0
0.002 0.0053821 0
0.002 0.0064585 0
0.002 0.0075349 0
0.002 0.0086114 0
0.002 0.0096878 0
0.002 0.0107642 0
0.004 0.0010764 0
0.004 0.0021528 0
0.004 0.0032292 0
0.004 0.0043057 0
0.004 0.0053821 0
0.004 0.0064585 0
0.004 0.0075349 0
0.004 0.0086114 0
0.004 0.0096878 0
0.004 0.0107642 0
0.008 0.0010764 0
0.008 0.0021528 0
0.008 0.0032292 0
0.008 0.0043057 0
0.008 0.0053821 0
0.008 0.0064585 0
0.008 0.0075349 0
0.008 0.0086114 0
0.008 0.0096878 0
0.008 0.0107642 0
0.016 0.0010764 0
0.016 0.0021528 0
0.016 0.0032292 0
0.016 0.0043057 0
0.016 0.0053821 0
0.016 0.0064585 0
0.016 0.0075349 0
0.016 0.0086114 0
0.016 0.0096878 0
0.016 0.0107642 0
0.032 0.0010764 0
0.032 0.0021528 0
0.032 0.0032292 0
0.032 0.0043057 0
0.032 0.0053821 0
0.032 0.0064585 0
0.032 0.0075349 0
0.032 0.0086114 0
0.032 0.0096878 0
0.032 0.0107642 0
0.064 0.0010764 0
0.064 0.0021528 0
0.064 0.0032292 0
0.064 0.0043057 0
0.064 0.0053821 0
0.064 0.0064585 0
0.064 0.0075349 0
0.064 0.0086114 0
0.064 0.0096878 0
0.064 0.0107642 0
0.128 0.0010764 0
0.128 0.0021528 0
0.128 0.0032292 0
0.128 0.0043057 0
0.128 0.0053821 0
0.128 0.0064585 0
0.128 0.0075349 0
0.128 0.0086114 0
0.128 0.0096878 0
0.128 0.0107642 0
0.256 0.0010764 0
0.256 0.0021528 0
0.256 0.0032292 0
0.256 0.0043057 0
0.256 0.0053821 0
0.256 0.0064585 0
0.256 0.0075349 0
0.256 0.0086114 0
0.256 0.0096878 0
0.256 0.0107642 0
