0.0005 0.0045662 0.0001
0.0005 0.0091324 0.0001
0.0005 0.0136986 0.0001
0.0005 0.0182648 0.0001
0.0005 0.0228310 0.0001
0.0005 0.0273972 0.0001
0.0005 0.0319634 0.0001
0.0005 0.0365296 0.0001
0.0005 0.0410958 0.0001
0.0005 0.0456621 0.0001
0.001 0.0045662 0.0001
0.001 0.0091324 0.0001
0.001 0.0136986 0.0001
0.001 0.0182648 0.0001
0.001 0.0228310 0.0001
0.001 0.0273972 0.0001
0.001 0.0319634 0.0001
0.001 0.0365296 0.0001
0.001 0.0410958 0.0001
0.001 0.0456621 0.0001
0.002 0.0045662 0.0001
0.002 0.0091324 0.0001
0.002 0.0136986 0.0001
0.002 0.0182648 0.0001
0.002 0.0228310 0.0001
0.002 0.0273972 0.0001
0.002 0.0319634 0.0001
0.002 0.0365296 0.0001
0.002 0.0410958 0.0001
0.002 0.0456621 0.0001
0.004 0.0045662 0.0001
0.004 0.0091324 0.0001
0.004 0.0136986 0.0001
0.004 0.0182648 0.0001
0.004 0.0228310 0.0001
0.004 0.0273972 0.0001
0.004 0.0319634 0.0001
0.004 0.0365296 0.0001
0.004 0.0410958 0.0001
0.004 0.0456621 0.0001
0.008 0.0045662 0.0001
0.008 0.0091324 0.0001
0.008 0.0136986 0.0001
0.008 0.0182648 0.0001
0.008 0.0228310 0.0001
0.008 0.0273972 0.0001
0.008 0.0319634 0.0001
0.008 0.0365296 0.0001
0.008 0.0410958 0.0001
0.008 0.0456621 0.0001
0.016 0.0045662 0.0001
0.016 0.0091324 0.0001
0.016 0.0136986 0.0001
0.016 0.0182648 0.0001
0.016 0.0228310 0.0001
0.016 0.0273972 0.0001
0.016 0.0319634 0.0001
0.016 0.0365296 0.0001
0.016 0.0410958 0.0001
0.016 0.0456621 0.0001
0.032 0.0045662 0.0001
0.032 0.0091324 0.0001
0.032 0.0136986 0.0001
0.032 0.0182648 0.0001
0.032 0.0228310 0.0001
0.032 0.0273972 0.0001
0.032 0.0319634 0.0001
0.032 0.0365296 0.0001
0.032 0.0410958 0.0001
0.032 0.0456621 0.0001
0.064 0.0045662 0.0001
0.064 0.0091324 0.0001
0.064 0.0136986 0.0001
0.064 0.0182648 0.0001
0.064 0.0228310 0.0001
0.064 0.0273972 0.0001
0.064 0.0319634 0.0001
0.064 0.0365296 0.0001
0.064 0.0410958 0.0001
0.064 0.0456621 0.0001
0.128 0.0045662 0.0001
0.128 0.0091324 0.0001
0.128 0.0136986 0.0001
0.128 0.0182648 0.0001
0.128 0.0228310 0.0001
0.128 0.0273972 0.0001
0.128 0.0319634 0.0001
0.128 0.0365296 0.0001
0.128 0.0410958 0.0001
0.128 0.0456621 0.0001
0.256 0.0045662 0.0001
0.256 0.0091324 0.0001
0.256 0.0136986 0.0001
0.256 0.0182648 0.0001
0.256 0.0228310 0.0001
0.256 0.0273972 0.0001
0.256 0.0319634 0.0001
0.256 0.0365296 0.0001
0.256 0.0410958 0.0001
0.256 0.0456621 0.0001
