0.0005 0.0030581 0.0001
0.0005 0.0061162 0.0001
0.0005 0.0091743 0.0001
0.0005 0.0122324 0.0001
0.0005 0.0152905 0.0001
0.0005 0.0183486 0.0001
0.0005 0.0214067 0.0001
0.0005 0.0244648 0.0001
0.0005 0.0275229 0.0001
0.0005 0.0305810 0.0001
0.001 0.0030581 0.0001
0.001 0.0061162 0.0001
0.001 0.0091743 0.0001
0.001 0.0122324 0.0001
0.001 0.0152905 0.0001
0.001 0.0183486 0.0001
0.001 0.0214067 0.0001
0.001 0.0244648 0.0001
0.001 0.0275229 0.0001
0.001 0.0305810 0.0001
0.002 0.0030581 0.0001
0.002 0.0061162 0.0001
0.002 0.0091743 0.0001
0.002 0.0122324 0.0001
0.002 0.0152905 0.0001
0.002 0.0183486 0.0001
0.002 0.0214067 0.0001
0.002 0.0244648 0.0001
0.002 0.0275229 0.0001
0.002 0.0305810 0.0001
0.004 0.0030581 0.0001
0.004 0.0061162 0.0001
0.004 0.0091743 0.0001
0.004 0.0122324 0.0001
0.004 0.0152905 0.0001
0.004 0.0183486 0.0001
0.004 0.0214067 0.0001
0.004 0.0244648 0.0001
0.004 0.0275229 0.0001
0.004 0.0305810 0.0001
0.008 0.0030581 0.0001
0.008 0.0061162 0.0001
0.008 0.0091743 0.0001
0.008 0.0122324 0.0001
0.008 0.0152905 0.0001
0.008 0.0183486 0.0001
0.008 0.0214067 0.0001
0.008 0.0244648 0.0001
0.008 0.0275229 0.0001
0.008 0.0305810 0.0001
0.016 0.0030581 0.0001
0.016 0.0061162 0.0001
0.016 0.0091743 0.0001
0.016 0.0122324 0.0001
0.016 0.0152905 0.0001
0.016 0.0183486 0.0001
0.016 0.0214067 0.0001
0.016 0.0244648 0.0001
0.016 0.0275229 0.0001
0.016 0.0305810 0.0001
0.032 0.0030581 0.0001
0.032 0.0061162 0.0001
0.032 0.0091743 0.0001
0.032 0.0122324 0.0001
0.032 0.0152905 0.0001
0.032 0.0183486 0.0001
0.032 0.0214067 0.0001
0.032 0.0244648 0.0001
0.032 0.0275229 0.0001
0.032 0.0305810 0.0001
0.064 0.0030581 0.0001
0.064 0.0061162 0.0001
0.064 0.0091743 0.0001
0.064 0.0122324 0.0001
0.064 0.0152905 0.0001
0.064 0.0183486 0.0001
0.064 0.0214067 0.0001
0.064 0.0244648 0.0001
0.064 0.0275229 0.0001
0.064 0.0305810 0.0001
0.128 0.0030581 0.0001
0.128 0.0061162 0.0001
0.128 0.0091743 0.0001
0.128 0.0122324 0.0001
0.128 0.0152905 0.0001
0.128 0.0183486 0.0001
0.128 0.0214067 0.0001
0.128 0.0244648 0.0001
0.128 0.0275229 0.0001
0.128 0.0305810 0.0001
0.256 0.0030581 0.0001
0.256 0.0061162 0.0001
0.256 0.0091743 0.0001
0.256 0.0122324 0.0001
0.256 0.0152905 0.0001
0.256 0.0183486 0.0001
0.256 0.0214067 0.0001
0.256 0.0244648 0.0001
0.256 0.0275229 0.0001
0.256 0.0305810 0.0001
