0.0005 0.0012690 0.0001
0.0005 0.0025380 0.0001
0.0005 0.0038071 0.0001
0.0005 0.0050761 0.0001
0.0005 0.0063451 0.0001
0.0005 0.0076142 0.0001
0.0005 0.0088832 0.0001
0.0005 0.0101522 0.0001
0.0005 0.0114213 0.0001
0.0005 0.0126903 0.0001
0.001 0.0012690 0.0001
0.001 0.0025380 0.0001
0.001 0.0038071 0.0001
0.001 0.0050761 0.0001
0.001 0.0063451 0.0001
0.001 0.0076142 0.0001
0.001 0.0088832 0.0001
0.001 0.0101522 0.0001
0.001 0.0114213 0.0001
0.001 0.0126903 0.0001
0.002 0.0012690 0.0001
0.002 0.0025380 0.0001
0.002 0.0038071 0.0001
0.002 0.0050761 0.0001
0.002 0.0063451 0.0001
0.002 0.0076142 0.0001
0.002 0.0088832 0.0001
0.002 0.0101522 0.0001
0.002 0.0114213 0.0001
0.002 0.0126903 0.0001
0.004 0.0012690 0.0001
0.004 0.0025380 0.0001
0.004 0.0038071 0.0001
0.004 0.0050761 0.0001
0.004 0.0063451 0.0001
0.004 0.0076142 0.0001
0.004 0.0088832 0.0001
0.004 0.0101522 0.0001
0.004 0.0114213 0.0001
0.004 0.0126903 0.0001
0.008 0.0012690 0.0001
0.008 0.0025380 0.0001
0.008 0.0038071 0.0001
0.008 0.0050761 0.0001
0.008 0.0063451 0.0001
0.008 0.0076142 0.0001
0.008 0.0088832 0.0001
0.008 0.0101522 0.0001
0.008 0.0114213 0.0001
0.008 0.0126903 0.0001
0.016 0.0012690 0.0001
0.016 0.0025380 0.0001
0.016 0.0038071 0.0001
0.016 0.0050761 0.0001
0.016 0.0063451 0.0001
0.016 0.0076142 0.0001
0.016 0.0088832 0.0001
0.016 0.0101522 0.0001
0.016 0.0114213 0.0001
0.016 0.0126903 0.0001
0.032 0.0012690 0.0001
0.032 0.0025380 0.0001
0.032 0.0038071 0.0001
0.032 0.0050761 0.0001
0.032 0.0063451 0.0001
0.032 0.0076142 0.0001
0.032 0.0088832 0.0001
0.032 0.0101522 0.0001
0.032 0.0114213 0.0001
0.032 0.0126903 0.0001
0.064 0.0012690 0.0001
0.064 0.0025380 0.0001
0.064 0.0038071 0.0001
0.064 0.0050761 0.0001
0.064 0.0063451 0.0001
0.064 0.0076142 0.0001
0.064 0.0088832 0.0001
0.064 0.0101522 0.0001
0.064 0.0114213 0.0001
0.064 0.0126903 0.0001
0.128 0.0012690 0.0001
0.128 0.0025380 0.0001
0.128 0.0038071 0.0001
0.128 0.0050761 0.0001
0.128 0.0063451 0.0001
0.128 0.0076142 0.0001
0.128 0.0088832 0.0001
0.128 0.0101522 0.0001
0.128 0.0114213 0.0001
0.128 0.0126903 0.0001
0.256 0.0012690 0.0001
0.256 0.0025380 0.0001
0.256 0.0038071 0.0001
0.256 0.0050761 0.0001
0.256 0.0063451 0.0001
0.256 0.0076142 0.0001
0.256 0.0088832 0.0001
0.256 0.0101522 0.0001
0.256 0.0114213 0.0001
0.256 0.0126903 0.0001
