0.0005 0.0001 0
0.0005 0.0005 0
0.0005 0.001 0
0.0005 0.002 0
0.0005 0.004 0
0.0005 0.008 0
0.0005 0.016 0
0.0005 0.032 0
0.0005 0.064 0
0.0005 0.128 0
0.0005 0.256 0
0.001 0.0001 0
0.001 0.0005 0
0.001 0.001 0
0.001 0.002 0
0.001 0.004 0
0.001 0.008 0
0.001 0.016 0
0.001 0.032 0
0.001 0.064 0
0.001 0.128 0
0.001 0.256 0
0.002 0.0001 0
0.002 0.0005 0
0.002 0.001 0
0.002 0.002 0
0.002 0.004 0
0.002 0.008 0
0.002 0.016 0
0.002 0.032 0
0.002 0.064 0
0.002 0.128 0
0.002 0.256 0
0.004 0.0001 0
0.004 0.0005 0
0.004 0.001 0
0.004 0.002 0
0.004 0.004 0
0.004 0.008 0
0.004 0.016 0
0.004 0.032 0
0.004 0.064 0
0.004 0.128 0
0.004 0.256 0
0.008 0.0001 0
0.008 0.0005 0
0.008 0.001 0
0.008 0.002 0
0.008 0.004 0
0.008 0.008 0
0.008 0.016 0
0.008 0.032 0
0.008 0.064 0
0.008 0.128 0
0.008 0.256 0
0.016 0.0001 0
0.016 0.0005 0
0.016 0.001 0
0.016 0.002 0
0.016 0.004 0
0.016 0.008 0
0.016 0.016 0
0.016 0.032 0
0.016 0.064 0
0.016 0.128 0
0.016 0.256 0
0.032 0.0001 0
0.032 0.0005 0
0.032 0.001 0
0.032 0.002 0
0.032 0.004 0
0.032 0.008 0
0.032 0.016 0
0.032 0.032 0
0.032 0.064 0
0.032 0.128 0
0.032 0.256 0
0.064 0.0001 0
0.064 0.0005 0
0.064 0.001 0
0.064 0.002 0
0.064 0.004 0
0.064 0.008 0
0.064 0.016 0
0.064 0.032 0
0.064 0.064 0
0.064 0.128 0
0.064 0.256 0
0.128 0.0001 0
0.128 0.0005 0
0.128 0.001 0
0.128 0.002 0
0.128 0.004 0
0.128 0.008 0
0.128 0.016 0
0.128 0.032 0
0.128 0.064 0
0.128 0.128 0
0.128 0.256 0
0.256 0.0001 0
0.256 0.0005 0
0.256 0.001 0
0.256 0.002 0
0.256 0.004 0
0.256 0.008 0
0.256 0.016 0
0.256 0.032 0
0.256 0.064 0
0.256 0.128 0
0.256 0.256 0
