0.0005 0.0023529 0
0.0005 0.0047058 0
0.0005 0.0070588 0
0.0005 0.0094117 0
0.0005 0.0117647 0
0.0005 0.0141176 0
0.0005 0.0164705 0
0.0005 0.0188235 0
0.0005 0.0211764 0
0.0005 0.0235294 0
0.001 0.0023529 0
0.001 0.0047058 0
0.001 0.0070588 0
0.001 0.0094117 0
0.001 0.0117647 0
0.001 0.0141176 0
0.001 0.0164705 0
0.001 0.0188235 0
0.001 0.0211764 0
0.001 0.0235294 0
0.002 0.0023529 0
0.002 0.0047058 0
0.002 0.0070588 0
0.002 0.0094117 0
0.002 0.0117647 0
0.002 0.0141176 0
0.002 0.0164705 0
0.002 0.0188235 0
0.002 0.0211764 0
0.002 0.0235294 0
0.004 0.0023529 0
0.004 0.0047058 0
0.004 0.0070588 0
0.004 0.0094117 0
0.004 0.0117647 0
0.004 0.0141176 0
0.004 0.0164705 0
0.004 0.0188235 0
0.004 0.0211764 0
0.004 0.0235294 0
0.008 0.0023529 0
0.008 0.0047058 0
0.008 0.0070588 0
0.008 0.0094117 0
0.008 0.0117647 0
0.008 0.0141176 0
0.008 0.0164705 0
0.008 0.0188235 0
0.008 0.0211764 0
0.008 0.0235294 0
0.016 0.0023529 0
0.016 0.0047058 0
0.016 0.0070588 0
0.016 0.0094117 0
0.016 0.0117647 0
0.016 0.0141176 0
0.016 0.0164705 0
0.016 0.0188235 0
0.016 0.0211764 0
0.016 0.0235294 0
0.032 0.0023529 0
0.032 0.0047058 0
0.032 0.0070588 0
0.032 0.0094117 0
0.032 0.0117647 0
0.032 0.0141176 0
0.032 0.0164705 0
0.032 0.0188235 0
0.032 0.0211764 0
0.032 0.0235294 0
0.064 0.0023529 0
0.064 0.0047058 0
0.064 0.0070588 0
0.064 0.0094117 0
0.064 0.0117647 0
0.064 0.0141176 0
0.064 0.0164705 0
0.064 0.0188235 0
0.064 0.0211764 0
0.064 0.0235294 0
0.128 0.0023529 0
0.128 0.0047058 0
0.128 0.0070588 0
0.128 0.0094117 0
0.128 0.0117647 0
0.128 0.0141176 0
0.128 0.0164705 0
0.128 0.0188235 0
0.128 0.0211764 0
0.128 0.0235294 0
0.256 0.0023529 0
0.256 0.0047058 0
0.256 0.0070588 0
0.256 0.0094117 0
0.256 0.0117647 0
0.256 0.0141176 0
0.256 0.0164705 0
0.256 0.0188235 0
0.256 0.0211764 0
0.256 0.0235294 0
