0.0005 0.0031250 0
0.0005 0.0062500 0
0.0005 0.0093750 0
0.0005 0.0125000 0
0.0005 0.0156250 0
0.0005 0.0187500 0
0.0005 0.0218750 0
0.0005 0.0250000 0
0.0005 0.0281250 0
0.0005 0.0312500 0
0.001 0.0031250 0
0.001 0.0062500 0
0.001 0.0093750 0
0.001 0.0125000 0
0.001 0.0156250 0
0.001 0.0187500 0
0.001 0.0218750 0
0.001 0.0250000 0
0.001 0.0281250 0
0.001 0.0312500 0
0.002 0.0031250 0
0.002 0.0062500 0
0.002 0.0093750 0
0.002 0.0125000 0
0.002 0.0156250 0
0.002 0.0187500 0
0.002 0.0218750 0
0.002 0.0250000 0
0.002 0.0281250 0
0.002 0.0312500 0
0.004 0.0031250 0
0.004 0.0062500 0
0.004 0.0093750 0
0.004 0.0125000 0
0.004 0.0156250 0
0.004 0.0187500 0
0.004 0.0218750 0
0.004 0.0250000 0
0.004 0.0281250 0
0.004 0.0312500 0
0.008 0.0031250 0
0.008 0.0062500 0
0.008 0.0093750 0
0.008 0.0125000 0
0.008 0.0156250 0
0.008 0.0187500 0
0.008 0.0218750 0
0.008 0.0250000 0
0.008 0.0281250 0
0.008 0.0312500 0
0.016 0.0031250 0
0.016 0.0062500 0
0.016 0.0093750 0
0.016 0.0125000 0
0.016 0.0156250 0
0.016 0.0187500 0
0.016 0.0218750 0
0.016 0.0250000 0
0.016 0.0281250 0
0.016 0.0312500 0
0.032 0.0031250 0
0.032 0.0062500 0
0.032 0.0093750 0
0.032 0.0125000 0
0.032 0.0156250 0
0.032 0.0187500 0
0.032 0.0218750 0
0.032 0.0250000 0
0.032 0.0281250 0
0.032 0.0312500 0
0.064 0.0031250 0
0.064 0.0062500 0
0.064 0.0093750 0
0.064 0.0125000 0
0.064 0.0156250 0
0.064 0.0187500 0
0.064 0.0218750 0
0.064 0.0250000 0
0.064 0.0281250 0
0.064 0.0312500 0
0.128 0.0031250 0
0.128 0.0062500 0
0.128 0.0093750 0
0.128 0.0125000 0
0.128 0.0156250 0
0.128 0.0187500 0
0.128 0.0218750 0
0.128 0.0250000 0
0.128 0.0281250 0
0.128 0.0312500 0
0.256 0.0031250 0
0.256 0.0062500 0
0.256 0.0093750 0
0.256 0.0125000 0
0.256 0.0156250 0
0.256 0.0187500 0
0.256 0.0218750 0
0.256 0.0250000 0
0.256 0.0281250 0
0.256 0.0312500 0
