0.0005 0.0014771 0
0.0005 0.0029542 0
0.0005 0.0044313 0
0.0005 0.0059084 0
0.0005 0.0073855 0
0.0005 0.0088626 0
0.0005 0.0103397 0
0.0005 0.0118168 0
0.0005 0.0132939 0
0.0005 0.0147710 0
0.001 0.0014771 0
0.001 0.0029542 0
0.001 0.0044313 0
0.001 0.0059084 0
0.001 0.0073855 0
0.001 0.0088626 0
0.001 0.0103397 0
0.001 0.0118168 0
0.001 0.0132939 0
0.001 0.0147710 0
0.002 0.0014771 0
0.002 0.0029542 0
0.002 0.0044313 0
0.002 0.0059084 0
0.002 0.0073855 0
0.002 0.0088626 0
0.002 0.0103397 0
0.002 0.0118168 0
0.002 0.0132939 0
0.002 0.0147710 0
0.004 0.0014771 0
0.004 0.0029542 0
0.004 0.0044313 0
0.004 0.0059084 0
0.004 0.0073855 0
0.004 0.0088626 0
0.004 0.0103397 0
0.004 0.0118168 0
0.004 0.0132939 0
0.004 0.0147710 0
0.008 0.0014771 0
0.008 0.0029542 0
0.008 0.0044313 0
0.008 0.0059084 0
0.008 0.0073855 0
0.008 0.0088626 0
0.008 0.0103397 0
0.008 0.0118168 0
0.008 0.0132939 0
0.008 0.0147710 0
0.016 0.0014771 0
0.016 0.0029542 0
0.016 0.0044313 0
0.016 0.0059084 0
0.016 0.0073855 0
0.016 0.0088626 0
0.016 0.0103397 0
0.016 0.0118168 0
0.016 0.0132939 0
0.016 0.0147710 0
0.032 0.0014771 0
0.032 0.0029542 0
0.032 0.0044313 0
0.032 0.0059084 0
0.032 0.0073855 0
0.032 0.0088626 0
0.032 0.0103397 0
0.032 0.0118168 0
0.032 0.0132939 0
0.032 0.0147710 0
0.064 0.0014771 0
0.064 0.0029542 0
0.064 0.0044313 0
0.064 0.0059084 0
0.064 0.0073855 0
0.064 0.0088626 0
0.064 0.0103397 0
0.064 0.0118168 0
0.064 0.0132939 0
0.064 0.0147710 0
0.128 0.0014771 0
0.128 0.0029542 0
0.128 0.0044313 0
0.128 0.0059084 0
0.128 0.0073855 0
0.128 0.0088626 0
0.128 0.0103397 0
0.128 0.0118168 0
0.128 0.0132939 0
0.128 0.0147710 0
0.256 0.0014771 0
0.256 0.0029542 0
0.256 0.0044313 0
0.256 0.0059084 0
0.256 0.0073855 0
0.256 0.0088626 0
0.256 0.0103397 0
0.256 0.0118168 0
0.256 0.0132939 0
0.256 0.0147710 0
