0.0005 0.0032467 0
0.0005 0.0064935 0
0.0005 0.0097402 0
0.0005 0.0129870 0
0.0005 0.0162337 0
0.0005 0.0194805 0
0.0005 0.0227272 0
0.0005 0.0259740 0
0.0005 0.0292207 0
0.0005 0.0324675 0
0.001 0.0032467 0
0.001 0.0064935 0
0.001 0.0097402 0
0.001 0.0129870 0
0.001 0.0162337 0
0.001 0.0194805 0
0.001 0.0227272 0
0.001 0.0259740 0
0.001 0.0292207 0
0.001 0.0324675 0
0.002 0.0032467 0
0.002 0.0064935 0
0.002 0.0097402 0
0.002 0.0129870 0
0.002 0.0162337 0
0.002 0.0194805 0
0.002 0.0227272 0
0.002 0.0259740 0
0.002 0.0292207 0
0.002 0.0324675 0
0.004 0.0032467 0
0.004 0.0064935 0
0.004 0.0097402 0
0.004 0.0129870 0
0.004 0.0162337 0
0.004 0.0194805 0
0.004 0.0227272 0
0.004 0.0259740 0
0.004 0.0292207 0
0.004 0.0324675 0
0.008 0.0032467 0
0.008 0.0064935 0
0.008 0.0097402 0
0.008 0.0129870 0
0.008 0.0162337 0
0.008 0.0194805 0
0.008 0.0227272 0
0.008 0.0259740 0
0.008 0.0292207 0
0.008 0.0324675 0
0.016 0.0032467 0
0.016 0.0064935 0
0.016 0.0097402 0
0.016 0.0129870 0
0.016 0.0162337 0
0.016 0.0194805 0
0.016 0.0227272 0
0.016 0.0259740 0
0.016 0.0292207 0
0.016 0.0324675 0
0.032 0.0032467 0
0.032 0.0064935 0
0.032 0.0097402 0
0.032 0.0129870 0
0.032 0.0162337 0
0.032 0.0194805 0
0.032 0.0227272 0
0.032 0.0259740 0
0.032 0.0292207 0
0.032 0.0324675 0
0.064 0.0032467 0
0.064 0.0064935 0
0.064 0.0097402 0
0.064 0.0129870 0
0.064 0.0162337 0
0.064 0.0194805 0
0.064 0.0227272 0
0.064 0.0259740 0
0.064 0.0292207 0
0.064 0.0324675 0
0.128 0.0032467 0
0.128 0.0064935 0
0.128 0.0097402 0
0.128 0.0129870 0
0.128 0.0162337 0
0.128 0.0194805 0
0.128 0.0227272 0
0.128 0.0259740 0
0.128 0.0292207 0
0.128 0.0324675 0
0.256 0.0032467 0
0.256 0.0064935 0
0.256 0.0097402 0
0.256 0.0129870 0
0.256 0.0162337 0
0.256 0.0194805 0
0.256 0.0227272 0
0.256 0.0259740 0
0.256 0.0292207 0
0.256 0.0324675 0
