0.0005 0.0027100 0
0.0005 0.0054200 0
0.0005 0.0081300 0
0.0005 0.0108401 0
0.0005 0.0135501 0
0.0005 0.0162601 0
0.0005 0.0189701 0
0.0005 0.0216802 0
0.0005 0.0243902 0
0.0005 0.0271002 0
0.001 0.0027100 0
0.001 0.0054200 0
0.001 0.0081300 0
0.001 0.0108401 0
0.001 0.0135501 0
0.001 0.0162601 0
0.001 0.0189701 0
0.001 0.0216802 0
0.001 0.0243902 0
0.001 0.0271002 0
0.002 0.0027100 0
0.002 0.0054200 0
0.002 0.0081300 0
0.002 0.0108401 0
0.002 0.0135501 0
0.002 0.0162601 0
0.002 0.0189701 0
0.002 0.0216802 0
0.002 0.0243902 0
0.002 0.0271002 0
0.004 0.0027100 0
0.004 0.0054200 0
0.004 0.0081300 0
0.004 0.0108401 0
0.004 0.0135501 0
0.004 0.0162601 0
0.004 0.0189701 0
0.004 0.0216802 0
0.004 0.0243902 0
0.004 0.0271002 0
0.008 0.0027100 0
0.008 0.0054200 0
0.008 0.0081300 0
0.008 0.0108401 0
0.008 0.0135501 0
0.008 0.0162601 0
0.008 0.0189701 0
0.008 0.0216802 0
0.008 0.0243902 0
0.008 0.0271002 0
0.016 0.0027100 0
0.016 0.0054200 0
0.016 0.0081300 0
0.016 0.0108401 0
0.016 0.0135501 0
0.016 0.0162601 0
0.016 0.0189701 0
0.016 0.0216802 0
0.016 0.0243902 0
0.016 0.0271002 0
0.032 0.0027100 0
0.032 0.0054200 0
0.032 0.0081300 0
0.032 0.0108401 0
0.032 0.0135501 0
0.032 0.0162601 0
0.032 0.0189701 0
0.032 0.0216802 0
0.032 0.0243902 0
0.032 0.0271002 0
0.064 0.0027100 0
0.064 0.0054200 0
0.064 0.0081300 0
0.064 0.0108401 0
0.064 0.0135501 0
0.064 0.0162601 0
0.064 0.0189701 0
0.064 0.0216802 0
0.064 0.0243902 0
0.064 0.0271002 0
0.128 0.0027100 0
0.128 0.0054200 0
0.128 0.0081300 0
0.128 0.0108401 0
0.128 0.0135501 0
0.128 0.0162601 0
0.128 0.0189701 0
0.128 0.0216802 0
0.128 0.0243902 0
0.128 0.0271002 0
0.256 0.0027100 0
0.256 0.0054200 0
0.256 0.0081300 0
0.256 0.0108401 0
0.256 0.0135501 0
0.256 0.0162601 0
0.256 0.0189701 0
0.256 0.0216802 0
0.256 0.0243902 0
0.256 0.0271002 0
