0.0005 0.0021834 0
0.0005 0.0043668 0
0.0005 0.0065502 0
0.0005 0.0087336 0
0.0005 0.0109170 0
0.0005 0.0131004 0
0.0005 0.0152838 0
0.0005 0.0174672 0
0.0005 0.0196506 0
0.0005 0.0218340 0
0.001 0.0021834 0
0.001 0.0043668 0
0.001 0.0065502 0
0.001 0.0087336 0
0.001 0.0109170 0
0.001 0.0131004 0
0.001 0.0152838 0
0.001 0.0174672 0
0.001 0.0196506 0
0.001 0.0218340 0
0.002 0.0021834 0
0.002 0.0043668 0
0.002 0.0065502 0
0.002 0.0087336 0
0.002 0.0109170 0
0.002 0.0131004 0
0.002 0.0152838 0
0.002 0.0174672 0
0.002 0.0196506 0
0.002 0.0218340 0
0.004 0.0021834 0
0.004 0.0043668 0
0.004 0.0065502 0
0.004 0.0087336 0
0.004 0.0109170 0
0.004 0.0131004 0
0.004 0.0152838 0
0.004 0.0174672 0
0.004 0.0196506 0
0.004 0.0218340 0
0.008 0.0021834 0
0.008 0.0043668 0
0.008 0.0065502 0
0.008 0.0087336 0
0.008 0.0109170 0
0.008 0.0131004 0
0.008 0.0152838 0
0.008 0.0174672 0
0.008 0.0196506 0
0.008 0.0218340 0
0.016 0.0021834 0
0.016 0.0043668 0
0.016 0.0065502 0
0.016 0.0087336 0
0.016 0.0109170 0
0.016 0.0131004 0
0.016 0.0152838 0
0.016 0.0174672 0
0.016 0.0196506 0
0.016 0.0218340 0
0.032 0.0021834 0
0.032 0.0043668 0
0.032 0.0065502 0
0.032 0.0087336 0
0.032 0.0109170 0
0.032 0.0131004 0
0.032 0.0152838 0
0.032 0.0174672 0
0.032 0.0196506 0
0.032 0.0218340 0
0.064 0.0021834 0
0.064 0.0043668 0
0.064 0.0065502 0
0.064 0.0087336 0
0.064 0.0109170 0
0.064 0.0131004 0
0.064 0.0152838 0
0.064 0.0174672 0
0.064 0.0196506 0
0.064 0.0218340 0
0.128 0.0021834 0
0.128 0.0043668 0
0.128 0.0065502 0
0.128 0.0087336 0
0.128 0.0109170 0
0.128 0.0131004 0
0.128 0.0152838 0
0.128 0.0174672 0
0.128 0.0196506 0
0.128 0.0218340 0
0.256 0.0021834 0
0.256 0.0043668 0
0.256 0.0065502 0
0.256 0.0087336 0
0.256 0.0109170 0
0.256 0.0131004 0
0.256 0.0152838 0
0.256 0.0174672 0
0.256 0.0196506 0
0.256 0.0218340 0
