0.0005 0.0020120 0
0.0005 0.0040241 0
0.0005 0.0060362 0
0.0005 0.0080482 0
0.0005 0.0100603 0
0.0005 0.0120724 0
0.0005 0.0140845 0
0.0005 0.0160965 0
0.0005 0.0181086 0
0.0005 0.0201207 0
0.001 0.0020120 0
0.001 0.0040241 0
0.001 0.0060362 0
0.001 0.0080482 0
0.001 0.0100603 0
0.001 0.0120724 0
0.001 0.0140845 0
0.001 0.0160965 0
0.001 0.0181086 0
0.001 0.0201207 0
0.002 0.0020120 0
0.002 0.0040241 0
0.002 0.0060362 0
0.002 0.0080482 0
0.002 0.0100603 0
0.002 0.0120724 0
0.002 0.0140845 0
0.002 0.0160965 0
0.002 0.0181086 0
0.002 0.0201207 0
0.004 0.0020120 0
0.004 0.0040241 0
0.004 0.0060362 0
0.004 0.0080482 0
0.004 0.0100603 0
0.004 0.0120724 0
0.004 0.0140845 0
0.004 0.0160965 0
0.004 0.0181086 0
0.004 0.0201207 0
0.008 0.0020120 0
0.008 0.0040241 0
0.008 0.0060362 0
0.008 0.0080482 0
0.008 0.0100603 0
0.008 0.0120724 0
0.008 0.0140845 0
0.008 0.0160965 0
0.008 0.0181086 0
0.008 0.0201207 0
0.016 0.0020120 0
0.016 0.0040241 0
0.016 0.0060362 0
0.016 0.0080482 0
0.016 0.0100603 0
0.016 0.0120724 0
0.016 0.0140845 0
0.016 0.0160965 0
0.016 0.0181086 0
0.016 0.0201207 0
0.032 0.0020120 0
0.032 0.0040241 0
0.032 0.0060362 0
0.032 0.0080482 0
0.032 0.0100603 0
0.032 0.0120724 0
0.032 0.0140845 0
0.032 0.0160965 0
0.032 0.0181086 0
0.032 0.0201207 0
0.064 0.0020120 0
0.064 0.0040241 0
0.064 0.0060362 0
0.064 0.0080482 0
0.064 0.0100603 0
0.064 0.0120724 0
0.064 0.0140845 0
0.064 0.0160965 0
0.064 0.0181086 0
0.064 0.0201207 0
0.128 0.0020120 0
0.128 0.0040241 0
0.128 0.0060362 0
0.128 0.0080482 0
0.128 0.0100603 0
0.128 0.0120724 0
0.128 0.0140845 0
0.128 0.0160965 0
0.128 0.0181086 0
0.128 0.0201207 0
0.256 0.0020120 0
0.256 0.0040241 0
0.256 0.0060362 0
0.256 0.0080482 0
0.256 0.0100603 0
0.256 0.0120724 0
0.256 0.0140845 0
0.256 0.0160965 0
0.256 0.0181086 0
0.256 0.0201207 0
