0.0005 0.0022321 0.0001
0.0005 0.0044642 0.0001
0.0005 0.0066964 0.0001
0.0005 0.0089285 0.0001
0.0005 0.0111607 0.0001
0.0005 0.0133928 0.0001
0.0005 0.0156250 0.0001
0.0005 0.0178571 0.0001
0.0005 0.0200892 0.0001
0.0005 0.0223214 0.0001
0.001 0.0022321 0.0001
0.001 0.0044642 0.0001
0.001 0.0066964 0.0001
0.001 0.0089285 0.0001
0.001 0.0111607 0.0001
0.001 0.0133928 0.0001
0.001 0.0156250 0.0001
0.001 0.0178571 0.0001
0.001 0.0200892 0.0001
0.001 0.0223214 0.0001
0.002 0.0022321 0.0001
0.002 0.0044642 0.0001
0.002 0.0066964 0.0001
0.002 0.0089285 0.0001
0.002 0.0111607 0.0001
0.002 0.0133928 0.0001
0.002 0.0156250 0.0001
0.002 0.0178571 0.0001
0.002 0.0200892 0.0001
0.002 0.0223214 0.0001
0.004 0.0022321 0.0001
0.004 0.0044642 0.0001
0.004 0.0066964 0.0001
0.004 0.0089285 0.0001
0.004 0.0111607 0.0001
0.004 0.0133928 0.0001
0.004 0.0156250 0.0001
0.004 0.0178571 0.0001
0.004 0.0200892 0.0001
0.004 0.0223214 0.0001
0.008 0.0022321 0.0001
0.008 0.0044642 0.0001
0.008 0.0066964 0.0001
0.008 0.0089285 0.0001
0.008 0.0111607 0.0001
0.008 0.0133928 0.0001
0.008 0.0156250 0.0001
0.008 0.0178571 0.0001
0.008 0.0200892 0.0001
0.008 0.0223214 0.0001
0.016 0.0022321 0.0001
0.016 0.0044642 0.0001
0.016 0.0066964 0.0001
0.016 0.0089285 0.0001
0.016 0.0111607 0.0001
0.016 0.0133928 0.0001
0.016 0.0156250 0.0001
0.016 0.0178571 0.0001
0.016 0.0200892 0.0001
0.016 0.0223214 0.0001
0.032 0.0022321 0.0001
0.032 0.0044642 0.0001
0.032 0.0066964 0.0001
0.032 0.0089285 0.0001
0.032 0.0111607 0.0001
0.032 0.0133928 0.0001
0.032 0.0156250 0.0001
0.032 0.0178571 0.0001
0.032 0.0200892 0.0001
0.032 0.0223214 0.0001
0.064 0.0022321 0.0001
0.064 0.0044642 0.0001
0.064 0.0066964 0.0001
0.064 0.0089285 0.0001
0.064 0.0111607 0.0001
0.064 0.0133928 0.0001
0.064 0.0156250 0.0001
0.064 0.0178571 0.0001
0.064 0.0200892 0.0001
0.064 0.0223214 0.0001
0.128 0.0022321 0.0001
0.128 0.0044642 0.0001
0.128 0.0066964 0.0001
0.128 0.0089285 0.0001
0.128 0.0111607 0.0001
0.128 0.0133928 0.0001
0.128 0.0156250 0.0001
0.128 0.0178571 0.0001
0.128 0.0200892 0.0001
0.128 0.0223214 0.0001
0.256 0.0022321 0.0001
0.256 0.0044642 0.0001
0.256 0.0066964 0.0001
0.256 0.0089285 0.0001
0.256 0.0111607 0.0001
0.256 0.0133928 0.0001
0.256 0.0156250 0.0001
0.256 0.0178571 0.0001
0.256 0.0200892 0.0001
0.256 0.0223214 0.0001
