0.0005 0.0019723 0.0001
0.0005 0.0039447 0.0001
0.0005 0.0059171 0.0001
0.0005 0.0078895 0.0001
0.0005 0.0098619 0.0001
0.0005 0.0118343 0.0001
0.0005 0.0138067 0.0001
0.0005 0.0157790 0.0001
0.0005 0.0177514 0.0001
0.0005 0.0197238 0.0001
0.001 0.0019723 0.0001
0.001 0.0039447 0.0001
0.001 0.0059171 0.0001
0.001 0.0078895 0.0001
0.001 0.0098619 0.0001
0.001 0.0118343 0.0001
0.001 0.0138067 0.0001
0.001 0.0157790 0.0001
0.001 0.0177514 0.0001
0.001 0.0197238 0.0001
0.002 0.0019723 0.0001
0.002 0.0039447 0.0001
0.002 0.0059171 0.0001
0.002 0.0078895 0.0001
0.002 0.0098619 0.0001
0.002 0.0118343 0.0001
0.002 0.0138067 0.0001
0.002 0.0157790 0.0001
0.002 0.0177514 0.0001
0.002 0.0197238 0.0001
0.004 0.0019723 0.0001
0.004 0.0039447 0.0001
0.004 0.0059171 0.0001
0.004 0.0078895 0.0001
0.004 0.0098619 0.0001
0.004 0.0118343 0.0001
0.004 0.0138067 0.0001
0.004 0.0157790 0.0001
0.004 0.0177514 0.0001
0.004 0.0197238 0.0001
0.008 0.0019723 0.0001
0.008 0.0039447 0.0001
0.008 0.0059171 0.0001
0.008 0.0078895 0.0001
0.008 0.0098619 0.0001
0.008 0.0118343 0.0001
0.008 0.0138067 0.0001
0.008 0.0157790 0.0001
0.008 0.0177514 0.0001
0.008 0.0197238 0.0001
0.016 0.0019723 0.0001
0.016 0.0039447 0.0001
0.016 0.0059171 0.0001
0.016 0.0078895 0.0001
0.016 0.0098619 0.0001
0.016 0.0118343 0.0001
0.016 0.0138067 0.0001
0.016 0.0157790 0.0001
0.016 0.0177514 0.0001
0.016 0.0197238 0.0001
0.032 0.0019723 0.0001
0.032 0.0039447 0.0001
0.032 0.0059171 0.0001
0.032 0.0078895 0.0001
0.032 0.0098619 0.0001
0.032 0.0118343 0.0001
0.032 0.0138067 0.0001
0.032 0.0157790 0.0001
0.032 0.0177514 0.0001
0.032 0.0197238 0.0001
0.064 0.0019723 0.0001
0.064 0.0039447 0.0001
0.064 0.0059171 0.0001
0.064 0.0078895 0.0001
0.064 0.0098619 0.0001
0.064 0.0118343 0.0001
0.064 0.0138067 0.0001
0.064 0.0157790 0.0001
0.064 0.0177514 0.0001
0.064 0.0197238 0.0001
0.128 0.0019723 0.0001
0.128 0.0039447 0.0001
0.128 0.0059171 0.0001
0.128 0.0078895 0.0001
0.128 0.0098619 0.0001
0.128 0.0118343 0.0001
0.128 0.0138067 0.0001
0.128 0.0157790 0.0001
0.128 0.0177514 0.0001
0.128 0.0197238 0.0001
0.256 0.0019723 0.0001
0.256 0.0039447 0.0001
0.256 0.0059171 0.0001
0.256 0.0078895 0.0001
0.256 0.0098619 0.0001
0.256 0.0118343 0.0001
0.256 0.0138067 0.0001
0.256 0.0157790 0.0001
0.256 0.0177514 0.0001
0.256 0.0197238 0.0001
