2299484	2299484
4538178	4538178
3023144	3023144
5901974	5901974
1441404	1441404
4226311	4226311
5298783	5298783
5883284	5883284
1835413	1835413
1707835	1707835
5108445	5108445
3945731	3945731
1667364	1667364
4333392	4333392
5904457	5904457
3913318	3913318
4684570	4684570
3219698	3219698
1329880	1329880
5118354	5118354
1526989	1526989
3138401	3138401
3919717	3919717
1441537	1441537
5778190	5778190
3434254	3434254
3647349	3647349
4250221	4250221
3713899	3713899
3250326	3250326
5114270	5114270
2668174	2668174
2787295	2787295
4885380	4885380
4106184	4106184
1951600	1951600
2482947	2482947
5933940	5933940
5719247	5719247
5653389	5653389
5566519	5566519
2900471	2900471
2696159	2696159
4182903	4182903
3628793	3628793
3468393	3468393
1562340	1562340
4918576	4918576
1208763	1208763
2308644	2308644
5615219	5615219
5498247	5498247
5147058	5147058
3535501	3535501
1578062	1578062
2306097	2306097
4797079	4797079
5668080	5668080
4107183	4107183
2952422	2952422
3839026	3839026
2754871	2754871
2999294	2999294
5775367	5775367
2551796	2551796
3500156	3500156
5394863	5394863
4040379	4040379
4958491	4958491
4853328	4853328
2533359	2533359
4273078	4273078
5655869	5655869
3444086	3444086
1172183	1172183
3241602	3241602
5384912	5384912
4960060	4960060
1862834	1862834
3352083	3352083
1682893	1682893
5503748	5503748
1681714	1681714
4057248	4057248
3900078	3900078
4860424	4860424
2547205	2547205
3088600	3088600
4882298	4882298
2116711	2116711
1185679	1185679
1193492	1193492
2493372	2493372
1104200	1104200
2698236	2698236
2098405	2098405
3642839	3642839
2990057	2990057
4713177	4713177
1303059	1303059
1323431	1323431
2196432	2196432
2226176	2226176
2463701	2463701
4323078	4323078
4940923	4940923
5674483	5674483
4197498	4197498
6021529	6021529
3468670	3468670
3209336	3209336
3887521	3887521
1725353	1725353
4049781	4049781
3423888	3423888
5409455	5409455
2492173	2492173
1727591	1727591
2125401	2125401
5078917	5078917
1402945	1402945
2968671	2968671
2329755	2329755
1370330	1370330
2874796	2874796
3031354	3031354
3657880	3657880
1575629	1575629
2984256	2984256
2895084	2895084
2873817	2873817
5063183	5063183
4267328	4267328
4496930	4496930
2861481	2861481
3767054	3767054
5492731	5492731
4021358	4021358
5789527	5789527
1253208	1253208
2286560	2286560
3942270	3942270
4904721	4904721
4103250	4103250
4041970	4041970
5072119	5072119
3256780	3256780
3424341	3424341
4202622	4202622
4376390	4376390
3582770	3582770
1160794	1160794
5759148	5759148
5220180	5220180
6001094	6001094
5427488	5427488
4123118	4123118
5536034	5536034
1561673	1561673
1733399	1733399
4897182	4897182
1464840	1464840
2194051	2194051
3771526	3771526
5665915	5665915
2892517	2892517
1682745	1682745
1469429	1469429
1279504	1279504
4408197	4408197
4915064	4915064
3937535	3937535
2760353	2760353
4829822	4829822
3266678	3266678
5727661	5727661
5861330	5861330
5775208	5775208
1440252	1440252
4793417	4793417
3309004	3309004
4589791	4589791
1724854	1724854
5930921	5930921
4899642	4899642
4328205	4328205
4882212	4882212
5916822	5916822
2767067	2767067
5483539	5483539
2476566	2476566
5654603	5654603
1377232	1377232
1366415	1366415
2387625	2387625
4336271	4336271
2647093	2647093
5830542	5830542
3211411	3211411
5104829	5104829
5907319	5907319
1860771	1860771
5943704	5943704
4173506	4173506
2262340	2262340
1864081	1864081
2580883	2580883
1127613	1127613
3764300	3764300
1672121	1672121
5282459	5282459
4344330	4344330
5671559	5671559
4202405	4202405
3646731	3646731
4118856	4118856
4630981	4630981
1927068	1927068
1157651	1157651
1720446	1720446
1908103	1908103
2179767	2179767
5063749	5063749
4378444	4378444
2810284	2810284
5064471	5064471
5416034	5416034
1408216	1408216
3674151	3674151
5553943	5553943
1780014	1780014
4245179	4245179
4973410	4973410
5655940	5655940
4190408	4190408
4124125	4124125
3497475	3497475
2057797	2057797
1352889	1352889
1406898	1406898
4816433	4816433
4648771	4648771
2363065	2363065
4357319	4357319
5790504	5790504
2067482	2067482
4018737	4018737
1198296	1198296
3058251	3058251
5583154	5583154
5134179	5134179
1280083	1280083
1112959	1112959
1038127	1038127
5121389	5121389
3402534	3402534
3782789	3782789
2088780	2088780
2094915	2094915
1003293	1003293
1823408	1823408
4190893	4190893
3830902	3830902
5379355	5379355
5934241	5934241
5585370	5585370
1988418	1988418
4278816	4278816
1529032	1529032
4051069	4051069
2373074	2373074
2820744	2820744
2989765	2989765
4444237	4444237
2943498	2943498
1877112	1877112
2517218	2517218
3962928	3962928
2635308	2635308
2873832	2873832
4012181	4012181
5451922	5451922
1063872	1063872
5351527	5351527
4286389	4286389
2262090	2262090
5125638	5125638
5422509	5422509
5525150	5525150
4419075	4419075
5092460	5092460
5206095	5206095
1632368	1632368
1252982	1252982
4598827	4598827
2508173	2508173
3603781	3603781
3734182	3734182
2574271	2574271
1579835	1579835
5023185	5023185
3477587	3477587
4670764	4670764
1733925	1733925
5555336	5555336
2465284	2465284
2983892	2983892
5146653	5146653
1677221	1677221
3875542	3875542
3509575	3509575
1249401	1249401
4271440	4271440
6020506	6020506
3707219	3707219
2913521	2913521
2750521	2750521
4695316	4695316
3879105	3879105
3601405	3601405
4044788	4044788
2064233	2064233
3656509	3656509
2245314	2245314
3012989	3012989
3226310	3226310
2872936	2872936
3971808	3971808
2602528	2602528
3218660	3218660
4404483	4404483
3044536	3044536
4390661	4390661
2222136	2222136
4716857	4716857
1351684	1351684
3733296	3733296
1078781	1078781
4198507	4198507
2960573	2960573
4641950	4641950
5753372	5753372
3352652	3352652
3247148	3247148
3239010	3239010
3087360	3087360
1050104	1050104
1520951	1520951
3211167	3211167
3587607	3587607
1891078	1891078
1092133	1092133
4566573	4566573
4102790	4102790
4172714	4172714
3420802	3420802
4914958	4914958
4053263	4053263
5224028	5224028
4134096	4134096
5873342	5873342
1380852	1380852
4351367	4351367
1395806	1395806
1080924	1080924
1771057	1771057
4572864	4572864
2977668	2977668
4797729	4797729
3168858	3168858
5738974	5738974
3322631	3322631
2766487	2766487
3508351	3508351
4039193	4039193
2173626	2173626
4561805	4561805
2908271	2908271
1979782	1979782
5941575	5941575
2997033	2997033
1849898	1849898
3856822	3856822
3282455	3282455
4718974	4718974
2276718	2276718
5569258	5569258
5294451	5294451
1608336	1608336
1212710	1212710
4138924	4138924
5190132	5190132
1660151	1660151
3961210	3961210
4292241	4292241
3555699	3555699
4844108	4844108
3776321	3776321
4588425	4588425
2033336	2033336
5273942	5273942
3415332	3415332
5034694	5034694
2094188	2094188
5843619	5843619
1621212	1621212
3972799	3972799
3605279	3605279
3616621	3616621
3346977	3346977
1350820	1350820
1345137	1345137
2012870	2012870
5873270	5873270
1312950	1312950
4633031	4633031
4225400	4225400
4112709	4112709
2836367	2836367
5176203	5176203
5518148	5518148
4362353	4362353
1606786	1606786
5079710	5079710
1885218	1885218
4721631	4721631
3840884	3840884
4785571	4785571
4774003	4774003
1895972	1895972
1722173	1722173
1357526	1357526
2934683	2934683
2655049	2655049
1032097	1032097
1514479	1514479
2492923	2492923
2592037	2592037
5054468	5054468
5928407	5928407
1403276	1403276
1223520	1223520
3111969	3111969
5410827	5410827
2026457	2026457
1860980	1860980
1789945	1789945
4029556	4029556
5882371	5882371
2042749	2042749
2352449	2352449
2067893	2067893
1255351	1255351
4163259	4163259
3878094	3878094
3022562	3022562
3139207	3139207
5069960	5069960
4766324	4766324
3217279	3217279
1369413	1369413
5094240	5094240
3930172	3930172
3692081	3692081
3065018	3065018
1781478	1781478
1276972	1276972
4583962	4583962
3638258	3638258
5874339	5874339
3423101	3423101
1062651	1062651
4725131	4725131
2632817	2632817
2697627	2697627
5183688	5183688
3900203	3900203
5416897	5416897
1649482	1649482
4891709	4891709
2880530	2880530
2907968	2907968
3609236	3609236
5533216	5533216
5261010	5261010
3886030	3886030
1839813	1839813
1783354	1783354
1292519	1292519
3641078	3641078
1712092	1712092
2443370	2443370
3780837	3780837
1158224	1158224
1426769	1426769
1423125	1423125
5323410	5323410
2569503	2569503
4874372	4874372
2683189	2683189
4912723	4912723
5663053	5663053
4708240	4708240
3066369	3066369
5829298	5829298
4508396	4508396
3611585	3611585
1432343	1432343
3642178	3642178
5975639	5975639
2307428	2307428
1613462	1613462
4602944	4602944
6013739	6013739
4317012	4317012
2410638	2410638
1562728	1562728
5927927	5927927
5011117	5011117
2163913	2163913
3118245	3118245
5998426	5998426
1528064	1528064
4152314	4152314
5221355	5221355
5848798	5848798
5272921	5272921
4449232	4449232
5177249	5177249
4738734	4738734
3444223	3444223
4708426	4708426
2489581	2489581
2259792	2259792
1537699	1537699
1869587	1869587
3392096	3392096
4696075	4696075
2768062	2768062
4972908	4972908
4513829	4513829
3303647	3303647
4744729	4744729
4182156	4182156
5041510	5041510
3011793	3011793
4995701	4995701
4782674	4782674
5441581	5441581
1970393	1970393
1070705	1070705
3613447	3613447
2299072	2299072
1939898	1939898
2640396	2640396
3664928	3664928
3549833	3549833
3220869	3220869
4826546	4826546
3918187	3918187
3470344	3470344
2454253	2454253
1277498	1277498
1506681	1506681
4940663	4940663
3813925	3813925
5468844	5468844
3654084	3654084
1023873	1023873
5587820	5587820
1312707	1312707
5859123	5859123
1555362	1555362
4619515	4619515
5247899	5247899
2908393	2908393
4424537	4424537
5754628	5754628
2414695	2414695
5095088	5095088
5242142	5242142
4599929	4599929
1444688	1444688
3052372	3052372
5438873	5438873
3300894	3300894
5103291	5103291
4844553	4844553
2600824	2600824
3225438	3225438
4039243	4039243
1593404	1593404
2619150	2619150
3515957	3515957
5422684	5422684
1940105	1940105
2695388	2695388
4295671	4295671
2452980	2452980
1844775	1844775
1144728	1144728
2444591	2444591
4510808	4510808
3949093	3949093
4540124	4540124
4795427	4795427
3307605	3307605
1110833	1110833
5488509	5488509
1996048	1996048
5004019	5004019
3978329	3978329
3860300	3860300
5004170	5004170
3733706	3733706
4929563	4929563
4306539	4306539
5205478	5205478
1247295	1247295
3951940	3951940
5400587	5400587
1309686	1309686
2158719	2158719
5030610	5030610
1459801	1459801
4816897	4816897
4640645	4640645
2469207	2469207
2713767	2713767
4540750	4540750
5501447	5501447
1551419	1551419
3142116	3142116
1823318	1823318
1763121	1763121
5683506	5683506
5080855	5080855
4806598	4806598
5700873	5700873
3876401	3876401
4324084	4324084
1089604	1089604
2430301	2430301
1885012	1885012
4789380	4789380
2254312	2254312
2396575	2396575
5482696	5482696
4392649	4392649
2858357	2858357
5314240	5314240
2215596	2215596
3563230	3563230
2149928	2149928
2955040	2955040
5466147	5466147
5380249	5380249
5318779	5318779
3531164	3531164
1889609	1889609
5429320	5429320
5648486	5648486
5047934	5047934
3194798	3194798
5852896	5852896
3414033	3414033
3032471	3032471
2469717	2469717
3731030	3731030
3848565	3848565
4807103	4807103
3941473	3941473
3306441	3306441
3827855	3827855
3710104	3710104
3132077	3132077
4645084	4645084
2533462	2533462
2359335	2359335
4312811	4312811
4345464	4345464
2413333	2413333
4836070	4836070
3604335	3604335
3076219	3076219
1717331	1717331
2055397	2055397
5371768	5371768
2532363	2532363
1591856	1591856
5988581	5988581
2092634	2092634
1221304	1221304
3054169	3054169
4093816	4093816
2537619	2537619
1205887	1205887
1893810	1893810
2032709	2032709
3251455	3251455
5819464	5819464
4926365	4926365
2376043	2376043
4316801	4316801
5970201	5970201
5507075	5507075
3701046	3701046
2320828	2320828
4155362	4155362
5294523	5294523
3406154	3406154
1601133	1601133
4912294	4912294
4623006	4623006
5293145	5293145
1737142	1737142
5715194	5715194
2520957	2520957
5749455	5749455
4651678	4651678
1146245	1146245
1641646	1641646
5632434	5632434
4285794	4285794
1109172	1109172
1343806	1343806
4665831	4665831
1136132	1136132
3834206	3834206
1357148	1357148
3231775	3231775
3212758	3212758
1421684	1421684
2484775	2484775
5788702	5788702
3380635	3380635
4514385	4514385
5371637	5371637
4090546	4090546
5904217	5904217
5288323	5288323
3613577	3613577
2692789	2692789
5006276	5006276
1850361	1850361
2088713	2088713
4907131	4907131
2515320	2515320
1264824	1264824
1625368	1625368
4385850	4385850
1333384	1333384
5269032	5269032
1159094	1159094
5509386	5509386
1820592	1820592
2719034	2719034
2367866	2367866
1659150	1659150
5514436	5514436
3289007	3289007
4645002	4645002
2943412	2943412
6017556	6017556
1270198	1270198
5404368	5404368
5353280	5353280
5227169	5227169
3953908	3953908
2416955	2416955
5105958	5105958
4821527	4821527
2220038	2220038
1484343	1484343
5948485	5948485
2865776	2865776
1904507	1904507
4219250	4219250
1437378	1437378
5384582	5384582
5584496	5584496
3312276	3312276
2142570	2142570
2044117	2044117
3890709	3890709
3920051	3920051
2680808	2680808
3400957	3400957
2284688	2284688
3510251	3510251
3262921	3262921
1576688	1576688
2762913	2762913
1810243	1810243
2107426	2107426
3703089	3703089
3955372	3955372
5232738	5232738
5380989	5380989
3310686	3310686
5431479	5431479
1454850	1454850
2697583	2697583
3172900	3172900
1080358	1080358
4740986	4740986
5200867	5200867
1989180	1989180
3289408	3289408
1383173	1383173
2092846	2092846
2447769	2447769
5019480	5019480
2763520	2763520
4872284	4872284
5578693	5578693
5494128	5494128
2376463	2376463
5279145	5279145
1354414	1354414
1519782	1519782
2504072	2504072
3812504	3812504
2910973	2910973
3836892	3836892
3614326	3614326
2945698	2945698
4124197	4124197
4217558	4217558
5832337	5832337
1278974	1278974
5097486	5097486
4802019	4802019
5598150	5598150
3790827	3790827
2537872	2537872
3701611	3701611
2818867	2818867
4355495	4355495
1594012	1594012
2077612	2077612
3351156	3351156
2141259	2141259
1298197	1298197
1104541	1104541
2726626	2726626
1007559	1007559
2960482	2960482
3382156	3382156
2716630	2716630
1716411	1716411
4882480	4882480
3694384	3694384
3946975	3946975
1891357	1891357
2233283	2233283
4231153	4231153
5838822	5838822
2955378	2955378
5886045	5886045
5235994	5235994
2177748	2177748
1998713	1998713
4150907	4150907
2646008	2646008
2297559	2297559
4818441	4818441
2073956	2073956
4024312	4024312
3118940	3118940
2628339	2628339
3857679	3857679
5204172	5204172
3138325	3138325
2009009	2009009
1080545	1080545
1981946	1981946
1181349	1181349
5252741	5252741
1583203	1583203
4055472	4055472
1788245	1788245
4849092	4849092
1429380	1429380
1399384	1399384
5999940	5999940
2850487	2850487
3642296	3642296
3947527	3947527
5947174	5947174
5721984	5721984
1052853	1052853
4992748	4992748
5276213	5276213
2393899	2393899
1584942	1584942
3426162	3426162
3091243	3091243
5464032	5464032
2909530	2909530
2970002	2970002
5279390	5279390
2602454	2602454
5262059	5262059
3142377	3142377
1767797	1767797
4544353	4544353
1297359	1297359
2965311	2965311
5135168	5135168
5551622	5551622
4435789	4435789
2127299	2127299
3300119	3300119
3637288	3637288
4118351	4118351
3781975	3781975
3141448	3141448
1295426	1295426
2111006	2111006
5637078	5637078
4412480	4412480
1879075	1879075
3807041	3807041
3853039	3853039
3460624	3460624
2590468	2590468
1001196	1001196
4429946	4429946
5005964	5005964
2246072	2246072
2721346	2721346
5252892	5252892
4254377	4254377
5204685	5204685
3972568	3972568
5281764	5281764
1640185	1640185
3244669	3244669
5227715	5227715
4210820	4210820
4960479	4960479
5603575	5603575
1806492	1806492
2108800	2108800
5319876	5319876
6001969	6001969
4004027	4004027
2417026	2417026
4296442	4296442
5965357	5965357
1537835	1537835
1008925	1008925
2377891	2377891
2021538	2021538
1774453	1774453
5353783	5353783
3128572	3128572
4710439	4710439
1282020	1282020
3095242	3095242
5551339	5551339
1637706	1637706
4587488	4587488
3801363	3801363
1840712	1840712
1217345	1217345
2103397	2103397
3573272	3573272
3165652	3165652
1822727	1822727
3833281	3833281
4636131	4636131
1689424	1689424
1900690	1900690
5815126	5815126
3657626	3657626
3745230	3745230
2911746	2911746
1737361	1737361
5483196	5483196
4036404	4036404
3550519	3550519
3881638	3881638
5244068	5244068
2750594	2750594
5932792	5932792
2740060	2740060
4534823	4534823
2672855	2672855
5824258	5824258
1921422	1921422
1511189	1511189
4262371	4262371
1220658	1220658
5964238	5964238
3219653	3219653
4933788	4933788
5035560	5035560
1164329	1164329
1093853	1093853
1574981	1574981
5466495	5466495
3950941	3950941
4239601	4239601
4003443	4003443
4877127	4877127
4221725	4221725
5145480	5145480
1826673	1826673
3628278	3628278
4357474	4357474
5046402	5046402
4106681	4106681
5264987	5264987
3150417	3150417
1284698	1284698
2199420	2199420
5700264	5700264
1410941	1410941
4537642	4537642
1827719	1827719
3392666	3392666
5303744	5303744
2058522	2058522
5551299	5551299
1821314	1821314
2446237	2446237
4769076	4769076
4901965	4901965
1650133	1650133
5995436	5995436
4171933	4171933
5866288	5866288
1810345	1810345
3891011	3891011
5617910	5617910
3348203	3348203
1138335	1138335
3923631	3923631
5581779	5581779
1689049	1689049
4671257	4671257
2107324	2107324
2882319	2882319
4872031	4872031
5592834	5592834
4415221	4415221
4528410	4528410
4270093	4270093
4230658	4230658
5025997	5025997
3936937	3936937
4397691	4397691
3731692	3731692
2550751	2550751
2645604	2645604
1547649	1547649
5311104	5311104
5156322	5156322
5994344	5994344
2160513	2160513
1404802	1404802
4474872	4474872
5192669	5192669
2544459	2544459
5755585	5755585
3963678	3963678
2354799	2354799
2496323	2496323
2151733	2151733
3711350	3711350
3080335	3080335
4656696	4656696
5867725	5867725
2590192	2590192
5822350	5822350
5258189	5258189
3306412	3306412
4160062	4160062
5191677	5191677
5170138	5170138
2453855	2453855
5267186	5267186
5144673	5144673
5708195	5708195
3587366	3587366
3049965	3049965
3052821	3052821
2043549	2043549
4552153	4552153
4570521	4570521
3316656	3316656
4621993	4621993
1760674	1760674
5149312	5149312
2777172	2777172
3862619	3862619
1175319	1175319
3332956	3332956
2955363	2955363
4249249	4249249
4887642	4887642
5372984	5372984
3510335	3510335
5086336	5086336
2469775	2469775
3904098	3904098
4966729	4966729
2256550	2256550
2566168	2566168
4545129	4545129
4027487	4027487
3679784	3679784
1002085	1002085
1756901	1756901
3860109	3860109
1794636	1794636
4017076	4017076
5927314	5927314
5516673	5516673
4289504	4289504
2056670	2056670
3082701	3082701
1130828	1130828
2440941	2440941
3853094	3853094
3423958	3423958
5869994	5869994
5382584	5382584
2543784	2543784
1676406	1676406
5778649	5778649
1629798	1629798
3780073	3780073
2302248	2302248
1292841	1292841
1922570	1922570
2160183	2160183
1636495	1636495
3974290	3974290
3386668	3386668
3551770	3551770
3583097	3583097
4206642	4206642
1410636	1410636
3434789	3434789
3847942	3847942
4271995	4271995
1153532	1153532
4803259	4803259
4555962	4555962
4422061	4422061
4243243	4243243
3832033	3832033
3695506	3695506
4363301	4363301
5564618	5564618
5851553	5851553
3268371	3268371
3042068	3042068
2029837	2029837
3406163	3406163
1794447	1794447
3426395	3426395
1947437	1947437
3226041	3226041
2247204	2247204
1048765	1048765
1333825	1333825
1004525	1004525
4680910	4680910
1253606	1253606
5412537	5412537
1592615	1592615
3961494	3961494
4247021	4247021
4114863	4114863
4264966	4264966
3503616	3503616
3139970	3139970
4575223	4575223
3045493	3045493
4508019	4508019
4767644	4767644
1448397	1448397
1476149	1476149
3157987	3157987
3287462	3287462
5502497	5502497
1733328	1733328
3404403	3404403
1670499	1670499
1008671	1008671
3132576	3132576
5069084	5069084
5544664	5544664
4739784	4739784
2253145	2253145
2118676	2118676
5399172	5399172
2599505	2599505
5695390	5695390
5553297	5553297
2640844	2640844
2366010	2366010
3251380	3251380
3035083	3035083
3335714	3335714
1174403	1174403
3084045	3084045
2463439	2463439
5639058	5639058
5688639	5688639
5526719	5526719
2643881	2643881
4558256	4558256
4295403	4295403
1220242	1220242
1189091	1189091
3445428	3445428
5477437	5477437
3002237	3002237
4586352	4586352
4972297	4972297
1160532	1160532
5070867	5070867
2282576	2282576
3608784	3608784
5897696	5897696
3832253	3832253
2006614	2006614
3353113	3353113
4016132	4016132
1004560	1004560
3969359	3969359
5078101	5078101
5610574	5610574
1614627	1614627
5183117	5183117
1749166	1749166
4312471	4312471
3515588	3515588
1025074	1025074
5487357	5487357
2859716	2859716
5488877	5488877
3068325	3068325
3678198	3678198
5250203	5250203
4466727	4466727
5726037	5726037
2768555	2768555
5059204	5059204
3307490	3307490
2118819	2118819
5112928	5112928
4021804	4021804
3999062	3999062
2359128	2359128
5240089	5240089
2400359	2400359
1675584	1675584
1646136	1646136
2839074	2839074
5084983	5084983
4540640	4540640
5080377	5080377
2724245	2724245
5901688	5901688
5975199	5975199
1406740	1406740
1053370	1053370
5718683	5718683
3669966	3669966
1559391	1559391
2680627	2680627
3670282	3670282
1043052	1043052
3578685	3578685
1631062	1631062
5734218	5734218
1548379	1548379
1661854	1661854
4018284	4018284
3115415	3115415
3304858	3304858
5232887	5232887
3237678	3237678
2416015	2416015
4795430	4795430
1351190	1351190
3699051	3699051
1350770	1350770
3273986	3273986
5870161	5870161
1097567	1097567
3223443	3223443
4035245	4035245
1330359	1330359
3498323	3498323
4887054	4887054
3333644	3333644
4366441	4366441
1157324	1157324
3724196	3724196
4201193	4201193
4113098	4113098
1838027	1838027
5954498	5954498
2119079	2119079
4124138	4124138
5010214	5010214
1854314	1854314
3152473	3152473
2970886	2970886
3499749	3499749
5621789	5621789
4391112	4391112
2420204	2420204
5081217	5081217
1096168	1096168
3186569	3186569
2882295	2882295
5488279	5488279
2481146	2481146
5295832	5295832
1523793	1523793
4112453	4112453
3565516	3565516
4539127	4539127
3746231	3746231
2004685	2004685
4252687	4252687
2078496	2078496
2383515	2383515
1556838	1556838
4557136	4557136
1931285	1931285
1318505	1318505
2985728	2985728
5439775	5439775
2348045	2348045
2890200	2890200
2649950	2649950
3678683	3678683
2579855	2579855
2726147	2726147
4842412	4842412
3496072	3496072
3959291	3959291
5488190	5488190
1994234	1994234
5974193	5974193
1253870	1253870
4992056	4992056
1577001	1577001
3616251	3616251
2892794	2892794
4147630	4147630
5300359	5300359
2925813	2925813
2550599	2550599
1083976	1083976
2811285	2811285
2178924	2178924
3858845	3858845
2356654	2356654
5119418	5119418
1319536	1319536
4374599	4374599
5918398	5918398
5275691	5275691
2982038	2982038
1378795	1378795
1775404	1775404
1069275	1069275
5826745	5826745
2091727	2091727
4375853	4375853
2926203	2926203
2506492	2506492
1057200	1057200
4706712	4706712
3916866	3916866
1639910	1639910
4881120	4881120
3320951	3320951
2238804	2238804
2045322	2045322
2796646	2796646
4220459	4220459
1916578	1916578
1610331	1610331
2472431	2472431
4130471	4130471
4420862	4420862
3931142	3931142
3463813	3463813
1635306	1635306
5368782	5368782
4107481	4107481
2473737	2473737
1892426	1892426
5095575	5095575
1186478	1186478
1713732	1713732
1449941	1449941
1108648	1108648
4224806	4224806
5285200	5285200
1447722	1447722
4105384	4105384
1985185	1985185
2258267	2258267
4605561	4605561
2772861	2772861
5241890	5241890
6013526	6013526
3620698	3620698
1318139	1318139
4515811	4515811
4998026	4998026
5374813	5374813
3120238	3120238
1228989	1228989
4952152	4952152
1612460	1612460
1755483	1755483
4707210	4707210
4376134	4376134
5356911	5356911
5611679	5611679
3830182	3830182
1214211	1214211
2880137	2880137
3325507	3325507
4860282	4860282
3987004	3987004
2065578	2065578
5823882	5823882
2585163	2585163
2009150	2009150
4947225	4947225
2225647	2225647
5662592	5662592
5891426	5891426
4964818	4964818
1499999	1499999
5413989	5413989
5615373	5615373
5880919	5880919
3688836	3688836
5493225	5493225
4596560	4596560
5981883	5981883
4689561	4689561
2507424	2507424
5565641	5565641
3904041	3904041
3356603	3356603
3034382	3034382
4303993	4303993
3350766	3350766
2005183	2005183
5408106	5408106
2620452	2620452
2496889	2496889
1659537	1659537
5773672	5773672
1846371	1846371
4149050	4149050
1564789	1564789
2199515	2199515
3504440	3504440
3327776	3327776
2505965	2505965
2760256	2760256
3766456	3766456
3178403	3178403
1760776	1760776
2232266	2232266
5105677	5105677
1966212	1966212
4533953	4533953
1046101	1046101
3541264	3541264
1915804	1915804
5878988	5878988
5749436	5749436
2926494	2926494
1799144	1799144
3301922	3301922
1052578	1052578
1748411	1748411
4874458	4874458
5593812	5593812
3414445	3414445
2899872	2899872
1370603	1370603
5669873	5669873
4548343	4548343
3551786	3551786
1587746	1587746
2641672	2641672
4087987	4087987
3154112	3154112
1769915	1769915
4386500	4386500
4498504	4498504
4554034	4554034
5417837	5417837
5972142	5972142
4266433	4266433
3245044	3245044
3482977	3482977
5120830	5120830
5118230	5118230
2924854	2924854
3189412	3189412
5007174	5007174
4598640	4598640
2161084	2161084
3125664	3125664
2039895	2039895
5762106	5762106
5371490	5371490
2691847	2691847
3506734	3506734
4141057	4141057
4906805	4906805
5060273	5060273
5867619	5867619
1347030	1347030
3562703	3562703
4780381	4780381
4486539	4486539
1446788	1446788
2975916	2975916
4104527	4104527
1690773	1690773
1889291	1889291
2375685	2375685
1246340	1246340
5431787	5431787
4769330	4769330
2868690	2868690
4582296	4582296
5919805	5919805
3146210	3146210
2546676	2546676
3273080	3273080
1226100	1226100
3184795	3184795
4843574	4843574
5862018	5862018
3498752	3498752
5590107	5590107
1914662	1914662
4276369	4276369
5769989	5769989
4915771	4915771
1438912	1438912
2416991	2416991
3116099	3116099
4172400	4172400
5002087	5002087
4671684	4671684
5183785	5183785
2086754	2086754
4557428	4557428
1884572	1884572
2683671	2683671
4152226	4152226
2661565	2661565
2238233	2238233
5144651	5144651
1834714	1834714
4235698	4235698
2516398	2516398
5449558	5449558
2336759	2336759
4291024	4291024
5099147	5099147
3409080	3409080
5100321	5100321
2020621	2020621
5669802	5669802
1962704	1962704
1057628	1057628
4938669	4938669
4407586	4407586
3469477	3469477
2354494	2354494
3222580	3222580
2073590	2073590
5033531	5033531
4876271	4876271
5591065	5591065
3252547	3252547
2221451	2221451
2403883	2403883
1627008	1627008
3450710	3450710
5134384	5134384
5896496	5896496
4351221	4351221
3333801	3333801
5553225	5553225
2553053	2553053
5459378	5459378
3796758	3796758
4286879	4286879
2316809	2316809
1852923	1852923
2407959	2407959
5350801	5350801
4223950	4223950
3259827	3259827
4316579	4316579
4269426	4269426
3740756	3740756
4911017	4911017
1388251	1388251
5910497	5910497
4776492	4776492
4177045	4177045
4370755	4370755
3241107	3241107
1303480	1303480
4497708	4497708
5572728	5572728
2859686	2859686
3769848	3769848
1016668	1016668
1663799	1663799
3203958	3203958
2577210	2577210
4411939	4411939
3497489	3497489
2393003	2393003
4520933	4520933
4602621	4602621
1022492	1022492
2914332	2914332
4891520	4891520
1455884	1455884
5770667	5770667
4107885	4107885
5243105	5243105
3285154	3285154
5605479	5605479
5440702	5440702
3926982	3926982
4111301	4111301
2435902	2435902
3263925	3263925
4312687	4312687
1088744	1088744
5773433	5773433
1966401	1966401
4739513	4739513
2581904	2581904
5458512	5458512
4172808	4172808
5439067	5439067
4930259	4930259
3006705	3006705
3049656	3049656
3744757	3744757
2921175	2921175
2100487	2100487
3261338	3261338
2296862	2296862
5842980	5842980
1534152	1534152
4966798	4966798
5199545	5199545
3292967	3292967
5185028	5185028
1348280	1348280
5855650	5855650
1744750	1744750
2973827	2973827
5283187	5283187
1333492	1333492
2309956	2309956
3049728	3049728
3891553	3891553
5212925	5212925
1282136	1282136
3281547	3281547
5485757	5485757
3871979	3871979
5399253	5399253
3436807	3436807
2460276	2460276
3239950	3239950
4157633	4157633
3870076	3870076
3141925	3141925
2949835	2949835
2363286	2363286
2456455	2456455
1675362	1675362
1166758	1166758
2137035	2137035
4808661	4808661
5471937	5471937
2903024	2903024
1557410	1557410
5544641	5544641
1103372	1103372
1393357	1393357
5689320	5689320
5956675	5956675
1342431	1342431
2746753	2746753
2173707	2173707
2435949	2435949
1859526	1859526
5722698	5722698
2153862	2153862
3453636	3453636
4434568	4434568
2683051	2683051
5676794	5676794
4553879	4553879
4902190	4902190
3141718	3141718
2817397	2817397
2368137	2368137
3974515	3974515
3513015	3513015
4661656	4661656
3197736	3197736
3742015	3742015
2399551	2399551
5659221	5659221
1675357	1675357
3629088	3629088
2713800	2713800
3071043	3071043
5322256	5322256
3668469	3668469
5158262	5158262
5081143	5081143
4219002	4219002
5409841	5409841
5393262	5393262
3656706	3656706
4526271	4526271
4221681	4221681
3053075	3053075
1333669	1333669
4610321	4610321
2228630	2228630
5625907	5625907
4867369	4867369
1906310	1906310
2263924	2263924
2195932	2195932
5227922	5227922
2321255	2321255
5759401	5759401
2106790	2106790
5968102	5968102
4968218	4968218
2963177	2963177
1755378	1755378
4372110	4372110
5262006	5262006
5099675	5099675
2342565	2342565
5587167	5587167
1246482	1246482
4690808	4690808
5853861	5853861
3976787	3976787
3073705	3073705
3041149	3041149
3709232	3709232
3330207	3330207
3175830	3175830
2315817	2315817
5240437	5240437
3799107	3799107
4328020	4328020
4905077	4905077
5030577	5030577
2327912	2327912
2263109	2263109
2760880	2760880
3017824	3017824
5214202	5214202
1588212	1588212
4858529	4858529
5945809	5945809
1570091	1570091
1608012	1608012
4609370	4609370
3410297	3410297
5034354	5034354
3351991	3351991
1507910	1507910
1588253	1588253
2387203	2387203
1113288	1113288
1627885	1627885
2528360	2528360
5609375	5609375
5507102	5507102
3437065	3437065
4041566	4041566
1152373	1152373
2652148	2652148
1253692	1253692
3647290	3647290
2913582	2913582
4438038	4438038
4756189	4756189
3253901	3253901
5878224	5878224
1493865	1493865
4216736	4216736
3471175	3471175
3933639	3933639
4971618	4971618
1252693	1252693
3591353	3591353
2769645	2769645
4996687	4996687
3825187	3825187
4989545	4989545
5725741	5725741
3840033	3840033
1358596	1358596
3505813	3505813
2394572	2394572
3825356	3825356
4775129	4775129
5714887	5714887
2361176	2361176
5610511	5610511
5262532	5262532
3930006	3930006
3740533	3740533
4157805	4157805
4977567	4977567
2506732	2506732
2765435	2765435
4658446	4658446
4004956	4004956
1131530	1131530
5653183	5653183
2455463	2455463
2596294	2596294
3482585	3482585
3965885	3965885
4646536	4646536
3516388	3516388
3966436	3966436
5046915	5046915
2987436	2987436
4250779	4250779
5275118	5275118
4033534	4033534
1042895	1042895
2972406	2972406
3867865	3867865
3178100	3178100
2059994	2059994
5984372	5984372
5836803	5836803
5260854	5260854
3407024	3407024
5496071	5496071
2100925	2100925
1860163	1860163
3409384	3409384
1730808	1730808
3048422	3048422
4913312	4913312
4270044	4270044
1424263	1424263
3506858	3506858
4508660	4508660
3234821	3234821
2210214	2210214
4601222	4601222
1793247	1793247
3018620	3018620
4521302	4521302
4813176	4813176
4660114	4660114
5284996	5284996
3143788	3143788
4659415	4659415
1609245	1609245
5029891	5029891
5549711	5549711
1076881	1076881
4777399	4777399
4773268	4773268
3402214	3402214
2989310	2989310
2323848	2323848
4768298	4768298
2110119	2110119
2212486	2212486
5666799	5666799
3730698	3730698
4763415	4763415
2022019	2022019
3999483	3999483
5991274	5991274
1436988	1436988
5656314	5656314
1514973	1514973
2531433	2531433
2427066	2427066
2127571	2127571
3292475	3292475
2959067	2959067
3611473	3611473
2894197	2894197
2101770	2101770
3271899	3271899
5708869	5708869
2864386	2864386
1959093	1959093
2481913	2481913
1913607	1913607
2052865	2052865
3055612	3055612
5781725	5781725
4801310	4801310
1221466	1221466
5942994	5942994
4642383	4642383
3019562	3019562
5729937	5729937
4589628	4589628
1899217	1899217
1244009	1244009
1275374	1275374
5712459	5712459
2718868	2718868
5390271	5390271
1725024	1725024
5086240	5086240
2472835	2472835
5093347	5093347
1828919	1828919
3409123	3409123
4977501	4977501
4483888	4483888
3043915	3043915
5025491	5025491
4902387	4902387
5413460	5413460
4398128	4398128
4555709	4555709
2625210	2625210
2959964	2959964
5100654	5100654
2900140	2900140
4636594	4636594
2193642	2193642
4781967	4781967
3486711	3486711
4434439	4434439
2966605	2966605
4800729	4800729
4486207	4486207
5449827	5449827
4285782	4285782
2513253	2513253
4615961	4615961
3407719	3407719
1626678	1626678
1179636	1179636
4514022	4514022
5067071	5067071
1228900	1228900
2290396	2290396
1292829	1292829
3442555	3442555
1095672	1095672
4326012	4326012
3764109	3764109
3708682	3708682
5279958	5279958
4765741	4765741
5257619	5257619
1687374	1687374
5767987	5767987
1359144	1359144
5724898	5724898
1474287	1474287
3296410	3296410
1971095	1971095
1212863	1212863
5301790	5301790
4806042	4806042
4097154	4097154
5987075	5987075
5239662	5239662
5086980	5086980
3181754	3181754
1323320	1323320
4763638	4763638
4455993	4455993
2460547	2460547
3516710	3516710
2201103	2201103
4024834	4024834
3819251	3819251
2204609	2204609
3358280	3358280
2659470	2659470
4888980	4888980
1999233	1999233
1215494	1215494
2596796	2596796
2927677	2927677
2058424	2058424
1657543	1657543
3699606	3699606
2308402	2308402
2469278	2469278
2301583	2301583
2058841	2058841
5461268	5461268
1213227	1213227
1895702	1895702
4619636	4619636
2922405	2922405
4616146	4616146
2339732	2339732
1581890	1581890
4786496	4786496
5267054	5267054
4609939	4609939
1476394	1476394
5090105	5090105
1658705	1658705
2475906	2475906
1117047	1117047
2061977	2061977
3605706	3605706
5395069	5395069
5568411	5568411
5323829	5323829
3417744	3417744
1095566	1095566
1762096	1762096
1611351	1611351
5412541	5412541
2088164	2088164
3042704	3042704
2307777	2307777
2355001	2355001
5844766	5844766
4945572	4945572
4693731	4693731
5997728	5997728
3135040	3135040
5010326	5010326
4368143	4368143
3619343	3619343
2404698	2404698
2418399	2418399
3181994	3181994
3595938	3595938
2672635	2672635
1001281	1001281
4835926	4835926
1104949	1104949
2460366	2460366
4097967	4097967
5986183	5986183
2352982	2352982
3851695	3851695
3831644	3831644
2751382	2751382
3442900	3442900
3580799	3580799
3243670	3243670
4614519	4614519
3025492	3025492
2148887	2148887
4249548	4249548
2841172	2841172
4382175	4382175
4039647	4039647
1266778	1266778
1253294	1253294
3952049	3952049
4535659	4535659
4724713	4724713
4232135	4232135
2713022	2713022
5933962	5933962
1478388	1478388
3540556	3540556
1839398	1839398
4514272	4514272
1035674	1035674
3348035	3348035
3971458	3971458
1454369	1454369
2840107	2840107
3537515	3537515
1889318	1889318
3036790	3036790
2142807	2142807
3253324	3253324
2866080	2866080
1585591	1585591
4820147	4820147
5133446	5133446
3817174	3817174
4929757	4929757
4031525	4031525
3643058	3643058
2550142	2550142
1628056	1628056
3669238	3669238
1203804	1203804
2332435	2332435
2655829	2655829
1903105	1903105
1048673	1048673
4386401	4386401
5051528	5051528
1393046	1393046
1508347	1508347
4297595	4297595
5416471	5416471
1469824	1469824
3802281	3802281
2412176	2412176
1992207	1992207
4628609	4628609
5604872	5604872
2810993	2810993
4058355	4058355
1089868	1089868
5687118	5687118
3711957	3711957
1388608	1388608
2049744	2049744
4436559	4436559
3715029	3715029
3403573	3403573
1613060	1613060
2617395	2617395
4190105	4190105
2404233	2404233
4811021	4811021
4168876	4168876
1088655	1088655
1863352	1863352
1035340	1035340
3298569	3298569
2654804	2654804
4140692	4140692
3795081	3795081
2584085	2584085
2175005	2175005
5806360	5806360
3213708	3213708
3816855	3816855
1043566	1043566
4992423	4992423
4830498	4830498
1165625	1165625
1796359	1796359
3492052	3492052
4042079	4042079
4247727	4247727
5887546	5887546
2385925	2385925
2387875	2387875
4279349	4279349
1401081	1401081
2203546	2203546
4497679	4497679
6002553	6002553
3526286	3526286
5093984	5093984
4614051	4614051
3958375	3958375
4777175	4777175
2679517	2679517
5006089	5006089
5937316	5937316
3723991	3723991
4766651	4766651
3960305	3960305
4399485	4399485
2089043	2089043
5071022	5071022
5421439	5421439
4555783	4555783
4256915	4256915
2742205	2742205
4326945	4326945
4620796	4620796
3543250	3543250
2240522	2240522
1893622	1893622
2612296	2612296
4936832	4936832
2180876	2180876
4390451	4390451
2288264	2288264
2634610	2634610
2735920	2735920
1219602	1219602
2249698	2249698
3733976	3733976
5494031	5494031
3057825	3057825
5443901	5443901
4684306	4684306
3218776	3218776
3310220	3310220
2885020	2885020
4993786	4993786
2557643	2557643
5963705	5963705
5554871	5554871
3968497	3968497
1974177	1974177
4925520	4925520
5860767	5860767
5867742	5867742
2103946	2103946
4022564	4022564
2913235	2913235
3837022	3837022
4660722	4660722
4154312	4154312
4521162	4521162
3645686	3645686
4992846	4992846
2723662	2723662
5117278	5117278
4921706	4921706
5845567	5845567
4358838	4358838
5498818	5498818
1847777	1847777
5198611	5198611
2386859	2386859
4049260	4049260
1277032	1277032
1663105	1663105
5597435	5597435
2238220	2238220
1274616	1274616
5522080	5522080
1107548	1107548
1741625	1741625
1331165	1331165
3347771	3347771
5989801	5989801
2837179	2837179
4270742	4270742
5139410	5139410
3978531	3978531
5103844	5103844
2082140	2082140
5694942	5694942
3061261	3061261
3718599	3718599
5417215	5417215
5339818	5339818
2468241	2468241
1003025	1003025
2467120	2467120
4685579	4685579
1746469	1746469
4147560	4147560
5617818	5617818
1967902	1967902
2094658	2094658
1298612	1298612
1727230	1727230
4492007	4492007
5849586	5849586
5208944	5208944
2044215	2044215
1765593	1765593
1003634	1003634
2294348	2294348
2489647	2489647
4758456	4758456
2984120	2984120
4838739	4838739
4219239	4219239
2048397	2048397
2768643	2768643
1899365	1899365
3413836	3413836
4526454	4526454
3154844	3154844
4137676	4137676
3646221	3646221
3896882	3896882
1708197	1708197
2970779	2970779
1196085	1196085
2140342	2140342
3880055	3880055
2007034	2007034
3728072	3728072
4508832	4508832
2024732	2024732
4999630	4999630
2690886	2690886
4800062	4800062
1147361	1147361
4503071	4503071
2305904	2305904
5091937	5091937
1447048	1447048
4549714	4549714
1762587	1762587
3551497	3551497
5490539	5490539
3175241	3175241
1273968	1273968
1785971	1785971
3679125	3679125
5809019	5809019
4648257	4648257
4678402	4678402
3149919	3149919
2710803	2710803
2640826	2640826
4437773	4437773
4055829	4055829
4053838	4053838
2918759	2918759
3158634	3158634
4122311	4122311
1583728	1583728
3205992	3205992
2158579	2158579
3807070	3807070
5424618	5424618
4032081	4032081
1028933	1028933
2231622	2231622
3229929	3229929
1017353	1017353
1357830	1357830
3453302	3453302
5309663	5309663
5686277	5686277
2554115	2554115
1814887	1814887
1469891	1469891
4247599	4247599
3264046	3264046
5355896	5355896
5133259	5133259
3803721	3803721
3369144	3369144
3610258	3610258
1650557	1650557
2557438	2557438
4659379	4659379
4840109	4840109
2149583	2149583
5071408	5071408
5362021	5362021
1720358	1720358
5956790	5956790
1647244	1647244
1836039	1836039
3035973	3035973
4101679	4101679
4394270	4394270
4760149	4760149
3803467	3803467
3041000	3041000
3126960	3126960
5854507	5854507
5476612	5476612
1223464	1223464
5250584	5250584
5284646	5284646
2444378	2444378
2486418	2486418
4335172	4335172
2261372	2261372
5000759	5000759
5137212	5137212
1254858	1254858
2891880	2891880
5626008	5626008
5864098	5864098
2728697	2728697
3079882	3079882
5133332	5133332
2604805	2604805
1246780	1246780
1207794	1207794
4041964	4041964
2645499	2645499
3755229	3755229
1610568	1610568
2025681	2025681
4408910	4408910
3408696	3408696
5472639	5472639
4639877	4639877
1546297	1546297
3986170	3986170
1658230	1658230
1772185	1772185
5153219	5153219
3289502	3289502
5802704	5802704
1962208	1962208
4099936	4099936
2754113	2754113
3323594	3323594
2323149	2323149
3227036	3227036
5064395	5064395
3356034	3356034
3198857	3198857
3970764	3970764
5117219	5117219
3654282	3654282
4550079	4550079
5327419	5327419
3656747	3656747
5044032	5044032
3959198	3959198
3138604	3138604
4295563	4295563
1256228	1256228
4745808	4745808
1562549	1562549
3048749	3048749
2848457	2848457
2751245	2751245
4084734	4084734
4100012	4100012
5616017	5616017
5420305	5420305
5953356	5953356
1039877	1039877
5506214	5506214
5781962	5781962
1570921	1570921
5468933	5468933
4599636	4599636
5155410	5155410
4745976	4745976
2867399	2867399
5861897	5861897
3004344	3004344
3678408	3678408
4643758	4643758
3001531	3001531
5963643	5963643
1325657	1325657
4154427	4154427
5137033	5137033
3949565	3949565
3189377	3189377
1101027	1101027
3997580	3997580
4116112	4116112
2859910	2859910
4991344	4991344
4635933	4635933
3710219	3710219
1925656	1925656
2384435	2384435
2943855	2943855
5020680	5020680
4524560	4524560
3106404	3106404
5232709	5232709
5961716	5961716
1374409	1374409
3479640	3479640
2182560	2182560
5418979	5418979
1800480	1800480
1368492	1368492
1554754	1554754
1499279	1499279
1217313	1217313
1029972	1029972
3778496	3778496
2705884	2705884
4083805	4083805
2917947	2917947
3847563	3847563
4569148	4569148
4365406	4365406
2391923	2391923
2186688	2186688
3333531	3333531
1760893	1760893
3877347	3877347
2817445	2817445
2918630	2918630
4592948	4592948
5346657	5346657
5733115	5733115
2077233	2077233
5198530	5198530
5747092	5747092
2036105	2036105
4674281	4674281
5291879	5291879
4712643	4712643
4927360	4927360
1929218	1929218
1141935	1141935
1698349	1698349
5511835	5511835
1929204	1929204
4664589	4664589
3615084	3615084
5164079	5164079
4118207	4118207
5230214	5230214
3758132	3758132
4267974	4267974
3732711	3732711
2309345	2309345
5138518	5138518
2840432	2840432
1573089	1573089
4162477	4162477
2470589	2470589
5263732	5263732
1692437	1692437
5149689	5149689
4466435	4466435
1284174	1284174
5965415	5965415
1311360	1311360
1920155	1920155
1459778	1459778
5008634	5008634
5643113	5643113
4303536	4303536
1196798	1196798
5294754	5294754
3824511	3824511
3923715	3923715
3635207	3635207
3459547	3459547
5594889	5594889
5967345	5967345
3824493	3824493
1325532	1325532
4680478	4680478
2764743	2764743
3083637	3083637
5155367	5155367
1865825	1865825
3157795	3157795
5938639	5938639
3678767	3678767
2862667	2862667
4577995	4577995
4376354	4376354
5114978	5114978
2081753	2081753
4403661	4403661
3199340	3199340
5319867	5319867
1956650	1956650
3674931	3674931
1744397	1744397
1703617	1703617
2878169	2878169
4158464	4158464
2850956	2850956
1688364	1688364
2547561	2547561
2602317	2602317
4870527	4870527
5751796	5751796
3941430	3941430
4286831	4286831
1668750	1668750
4878614	4878614
3335107	3335107
5454141	5454141
1041087	1041087
1596375	1596375
3011691	3011691
3171246	3171246
2851474	2851474
4824059	4824059
5867738	5867738
1510605	1510605
5360678	5360678
5511431	5511431
2345531	2345531
5932348	5932348
5970075	5970075
1030103	1030103
2359871	2359871
4869987	4869987
2497295	2497295
2999938	2999938
4437021	4437021
1604094	1604094
5025796	5025796
1934104	1934104
5482047	5482047
1258699	1258699
2420223	2420223
1141919	1141919
1937014	1937014
3002662	3002662
5218160	5218160
4169563	4169563
1920374	1920374
4904873	4904873
1123341	1123341
5551093	5551093
1069150	1069150
1317545	1317545
5402450	5402450
5566909	5566909
6001183	6001183
1171365	1171365
2332686	2332686
1055041	1055041
3165878	3165878
5166298	5166298
3996709	3996709
6022991	6022991
1682331	1682331
3682652	3682652
1606295	1606295
1795470	1795470
1516304	1516304
2904273	2904273
3944174	3944174
5705595	5705595
5557613	5557613
5511680	5511680
1774756	1774756
5437626	5437626
1504568	1504568
2519885	2519885
4122782	4122782
4658903	4658903
5864324	5864324
3702583	3702583
1983084	1983084
3367640	3367640
3211335	3211335
4578288	4578288
4709149	4709149
1283001	1283001
1044174	1044174
4569981	4569981
3111454	3111454
1944348	1944348
3730066	3730066
1718369	1718369
1447658	1447658
5671093	5671093
3938486	3938486
5910319	5910319
1861604	1861604
5469446	5469446
1589937	1589937
2234741	2234741
2963537	2963537
4801882	4801882
5538412	5538412
2257277	2257277
3210837	3210837
4358603	4358603
5899051	5899051
1641848	1641848
5451873	5451873
5376123	5376123
4734646	4734646
4084164	4084164
3277832	3277832
2857560	2857560
5582026	5582026
4480794	4480794
5346033	5346033
4051209	4051209
4272629	4272629
4173962	4173962
3695738	3695738
2632203	2632203
5229345	5229345
1318261	1318261
1345656	1345656
4615018	4615018
3937294	3937294
3465190	3465190
3430926	3430926
3839498	3839498
1682421	1682421
1421296	1421296
5766470	5766470
2534792	2534792
4930183	4930183
2649790	2649790
3855891	3855891
3316129	3316129
1422933	1422933
3681389	3681389
1297371	1297371
1792947	1792947
2359322	2359322
3274702	3274702
3700939	3700939
2244783	2244783
4742208	4742208
3039727	3039727
1203109	1203109
3095188	3095188
2354224	2354224
1792697	1792697
5269742	5269742
5101244	5101244
5538533	5538533
3258001	3258001
5145065	5145065
4859798	4859798
3617078	3617078
5718090	5718090
5303550	5303550
2766334	2766334
2416463	2416463
5988960	5988960
2430647	2430647
3770107	3770107
5078062	5078062
5798335	5798335
4879069	4879069
2616144	2616144
4293316	4293316
3415576	3415576
2444354	2444354
4550425	4550425
3971372	3971372
4090507	4090507
3705271	3705271
5842122	5842122
5187111	5187111
5375656	5375656
1989786	1989786
4246681	4246681
6008026	6008026
1698099	1698099
1213798	1213798
1030935	1030935
2550361	2550361
4363805	4363805
3525850	3525850
3515565	3515565
1186969	1186969
2045666	2045666
5009023	5009023
5286600	5286600
1210517	1210517
2575161	2575161
5224905	5224905
5997357	5997357
5510681	5510681
1366141	1366141
3411019	3411019
1613586	1613586
3927913	3927913
5189741	5189741
2093814	2093814
4952018	4952018
4451863	4451863
1286004	1286004
4207227	4207227
1359731	1359731
1642073	1642073
5921228	5921228
1151712	1151712
2486139	2486139
3932083	3932083
4172285	4172285
3651083	3651083
5831298	5831298
1884018	1884018
3349501	3349501
3731193	3731193
4914409	4914409
5807667	5807667
1592820	1592820
5848216	5848216
1857786	1857786
5861811	5861811
1496964	1496964
1553524	1553524
3426080	3426080
2687857	2687857
1778767	1778767
2110218	2110218
2088914	2088914
4492112	4492112
3458511	3458511
4558386	4558386
2450617	2450617
2651579	2651579
4618499	4618499
2895805	2895805
4558114	4558114
1214069	1214069
3447957	3447957
3628937	3628937
2314754	2314754
4038072	4038072
1701985	1701985
4180872	4180872
2073983	2073983
5260680	5260680
4992984	4992984
4330164	4330164
4212112	4212112
3604409	3604409
4859004	4859004
4186720	4186720
4186850	4186850
5106107	5106107
1126428	1126428
4837048	4837048
5285479	5285479
4036755	4036755
2898894	2898894
1410809	1410809
5725251	5725251
3413228	3413228
4946296	4946296
1402788	1402788
1729047	1729047
3101574	3101574
3028261	3028261
4053185	4053185
1342009	1342009
5671783	5671783
4728056	4728056
4248822	4248822
4721047	4721047
1179744	1179744
4120601	4120601
2382092	2382092
4178555	4178555
3973361	3973361
3222066	3222066
1165776	1165776
2503483	2503483
4734514	4734514
2005513	2005513
4086429	4086429
4337571	4337571
3397654	3397654
1409667	1409667
1129611	1129611
4424703	4424703
5267323	5267323
4205010	4205010
5477836	5477836
4224128	4224128
5256326	5256326
2191314	2191314
1332623	1332623
2081381	2081381
5214729	5214729
3022370	3022370
2640340	2640340
1137577	1137577
3135764	3135764
3201545	3201545
5763424	5763424
4813134	4813134
1367975	1367975
1396952	1396952
5428145	5428145
4336599	4336599
5666858	5666858
4247670	4247670
1926052	1926052
3707076	3707076
2967149	2967149
2224043	2224043
4791132	4791132
6014280	6014280
5271065	5271065
4697501	4697501
2469744	2469744
5334437	5334437
2495133	2495133
4412205	4412205
2740973	2740973
2085703	2085703
2686017	2686017
3635539	3635539
4066476	4066476
4056900	4056900
2184895	2184895
4247008	4247008
1238434	1238434
2751690	2751690
1405885	1405885
3470896	3470896
1188796	1188796
4014589	4014589
4214278	4214278
2163945	2163945
3681552	3681552
1006393	1006393
1141059	1141059
3082482	3082482
1638482	1638482
4755300	4755300
2059192	2059192
2915546	2915546
5977427	5977427
2181971	2181971
5213087	5213087
5439874	5439874
5612473	5612473
4361311	4361311
2121912	2121912
5033165	5033165
2256856	2256856
3438147	3438147
1855828	1855828
5068834	5068834
4983884	4983884
1858838	1858838
2330201	2330201
1375934	1375934
4321881	4321881
4152541	4152541
3495457	3495457
4419437	4419437
1330143	1330143
4637380	4637380
4719722	4719722
5009682	5009682
3947971	3947971
2561849	2561849
1153895	1153895
2626970	2626970
2263326	2263326
1375204	1375204
4070407	4070407
5559752	5559752
1541944	1541944
5991159	5991159
1253665	1253665
1944432	1944432
2890930	2890930
4575387	4575387
5194184	5194184
5957070	5957070
4108769	4108769
5949737	5949737
1639513	1639513
5871085	5871085
2109637	2109637
3869618	3869618
4787374	4787374
2124788	2124788
4230801	4230801
2370081	2370081
3049893	3049893
1968233	1968233
2129209	2129209
1611395	1611395
5934907	5934907
1106186	1106186
5467135	5467135
5630968	5630968
2989525	2989525
2932024	2932024
1999094	1999094
1870056	1870056
5102664	5102664
5875854	5875854
4575673	4575673
2220275	2220275
1456265	1456265
4180887	4180887
5613837	5613837
3503426	3503426
1544339	1544339
4147324	4147324
1942503	1942503
2466695	2466695
1643518	1643518
2939993	2939993
2958445	2958445
3908740	3908740
2493630	2493630
5848917	5848917
2521025	2521025
1639271	1639271
3137579	3137579
2978385	2978385
3495226	3495226
4751248	4751248
1088610	1088610
1443357	1443357
2174128	2174128
4055277	4055277
1849132	1849132
1299137	1299137
3591899	3591899
3726772	3726772
1934726	1934726
2387304	2387304
1290566	1290566
2453559	2453559
4021109	4021109
1484836	1484836
1046548	1046548
4320201	4320201
2936559	2936559
3591939	3591939
3645214	3645214
4406480	4406480
3633581	3633581
1549768	1549768
5702462	5702462
3013056	3013056
1021847	1021847
4651089	4651089
5180651	5180651
4365986	4365986
3269944	3269944
1058288	1058288
3967717	3967717
1739176	1739176
3177760	3177760
2360665	2360665
3510892	3510892
4922906	4922906
2393939	2393939
2074081	2074081
2975150	2975150
3486498	3486498
5197733	5197733
3336103	3336103
5220227	5220227
1526474	1526474
4739545	4739545
2240294	2240294
5127704	5127704
2162520	2162520
5896143	5896143
1343615	1343615
1433005	1433005
4046580	4046580
5993860	5993860
3031251	3031251
4198277	4198277
3645332	3645332
3048751	3048751
4244625	4244625
5174011	5174011
5395055	5395055
4441046	4441046
5603990	5603990
1556648	1556648
1455169	1455169
1118852	1118852
2660550	2660550
4464668	4464668
3536073	3536073
3140576	3140576
5118483	5118483
3438746	3438746
2223809	2223809
5760556	5760556
2850455	2850455
2080403	2080403
1612004	1612004
5903850	5903850
3598560	3598560
5767955	5767955
2725200	2725200
2467048	2467048
1064264	1064264
3505790	3505790
3259212	3259212
5035070	5035070
3240113	3240113
4377734	4377734
5273334	5273334
5573605	5573605
4621677	4621677
3344058	3344058
3612589	3612589
2286372	2286372
2107041	2107041
3808331	3808331
1505162	1505162
2794893	2794893
1677144	1677144
5741720	5741720
5831360	5831360
5925765	5925765
4193150	4193150
5113130	5113130
4625418	4625418
5720498	5720498
4643492	4643492
4234526	4234526
2415071	2415071
5434911	5434911
3083773	3083773
1133151	1133151
1657687	1657687
3909557	3909557
5359333	5359333
1531931	1531931
4913114	4913114
5899334	5899334
3430944	3430944
2487298	2487298
1160946	1160946
1159292	1159292
2012812	2012812
3711711	3711711
1790764	1790764
4716288	4716288
1152856	1152856
5503878	5503878
2566382	2566382
5715634	5715634
2185039	2185039
1851491	1851491
3083050	3083050
4648387	4648387
1287153	1287153
3752483	3752483
1775200	1775200
2919646	2919646
3983980	3983980
5380411	5380411
2822472	2822472
5324527	5324527
2836554	2836554
5281085	5281085
1062218	1062218
5303196	5303196
3500637	3500637
3577763	3577763
3452500	3452500
2468981	2468981
4578082	4578082
2843796	2843796
1494048	1494048
1449998	1449998
3651553	3651553
2660349	2660349
2819084	2819084
2654375	2654375
4609675	4609675
1824665	1824665
6000205	6000205
4098466	4098466
4226253	4226253
3663968	3663968
5408209	5408209
3889244	3889244
1561542	1561542
3696769	3696769
5981508	5981508
3704286	3704286
3675667	3675667
2223636	2223636
5665256	5665256
5598056	5598056
1711036	1711036
1513417	1513417
4810631	4810631
4755727	4755727
3183687	3183687
4504343	4504343
4048853	4048853
2186328	2186328
1186831	1186831
5377313	5377313
4963395	4963395
5408579	5408579
1517677	1517677
5984866	5984866
5249687	5249687
3056208	3056208
4569830	4569830
2721892	2721892
3867569	3867569
1630144	1630144
1614765	1614765
1397982	1397982
1783199	1783199
5657884	5657884
3190080	3190080
1239465	1239465
1306449	1306449
1318680	1318680
2963748	2963748
2212228	2212228
3219326	3219326
1074219	1074219
1472813	1472813
1072477	1072477
1236223	1236223
2633393	2633393
3391905	3391905
2516416	2516416
4212992	4212992
1296715	1296715
1064088	1064088
2274445	2274445
4050598	4050598
1336770	1336770
3310924	3310924
2981727	2981727
2383488	2383488
3668779	3668779
5541719	5541719
4069022	4069022
4976299	4976299
2120734	2120734
2073250	2073250
3539392	3539392
1282963	1282963
5350260	5350260
4126814	4126814
5692247	5692247
3962733	3962733
4164185	4164185
1852382	1852382
2461479	2461479
5597446	5597446
2339001	2339001
4065391	4065391
5315311	5315311
4652620	4652620
4701370	4701370
3700329	3700329
5224281	5224281
3180529	3180529
2829551	2829551
1277017	1277017
3211230	3211230
2312392	2312392
1830186	1830186
5599031	5599031
5334709	5334709
4304386	4304386
2456590	2456590
2061813	2061813
1420961	1420961
5940086	5940086
1174841	1174841
2205687	2205687
4626617	4626617
3444952	3444952
5908076	5908076
5564954	5564954
4357993	4357993
1285266	1285266
5294402	5294402
2564482	2564482
2741427	2741427
2266038	2266038
3161335	3161335
4763272	4763272
3691913	3691913
3341666	3341666
1950586	1950586
2245115	2245115
1248508	1248508
4228233	4228233
5306456	5306456
2609465	2609465
2869041	2869041
2586088	2586088
2766095	2766095
1784939	1784939
5280158	5280158
4189013	4189013
4499491	4499491
5984122	5984122
4433837	4433837
1653872	1653872
1054202	1054202
2391252	2391252
4246848	4246848
4251806	4251806
4057992	4057992
5117330	5117330
3388309	3388309
5206853	5206853
1534249	1534249
1386997	1386997
1361870	1361870
1581613	1581613
2842364	2842364
2029277	2029277
3983146	3983146
3010078	3010078
3420532	3420532
1901628	1901628
1474362	1474362
2736655	2736655
3243727	3243727
2218648	2218648
5387383	5387383
4775767	4775767
1217334	1217334
1755993	1755993
3426860	3426860
4507391	4507391
2692624	2692624
2845874	2845874
1169372	1169372
4022365	4022365
1622790	1622790
1186247	1186247
4497065	4497065
5399935	5399935
5631579	5631579
2252226	2252226
2736254	2736254
2992129	2992129
4931578	4931578
1378142	1378142
2603379	2603379
3016332	3016332
3256385	3256385
5837784	5837784
4248200	4248200
1598606	1598606
2030501	2030501
2291001	2291001
4225945	4225945
1509572	1509572
3667663	3667663
3270787	3270787
1574589	1574589
4752348	4752348
5474999	5474999
5314560	5314560
5355501	5355501
3503178	3503178
1950598	1950598
3632943	3632943
2785579	2785579
3008178	3008178
3783593	3783593
4366000	4366000
3203770	3203770
5791385	5791385
2940781	2940781
5727790	5727790
5221369	5221369
4088968	4088968
5955819	5955819
1795663	1795663
4243132	4243132
1463970	1463970
5061336	5061336
3793307	3793307
5418774	5418774
5673171	5673171
5283136	5283136
3184077	3184077
1217938	1217938
3909386	3909386
2110542	2110542
4353850	4353850
3208151	3208151
2916737	2916737
3972396	3972396
1297011	1297011
3147128	3147128
5876834	5876834
5017079	5017079
4190568	4190568
3606708	3606708
5444143	5444143
2399019	2399019
1427092	1427092
4495756	4495756
2517706	2517706
2265904	2265904
3332785	3332785
1750061	1750061
1980668	1980668
3844899	3844899
1149621	1149621
3724459	3724459
4812060	4812060
1707177	1707177
5218259	5218259
5516154	5516154
5679734	5679734
5432265	5432265
3042345	3042345
5638262	5638262
4072184	4072184
3976710	3976710
3277609	3277609
4079919	4079919
5138370	5138370
4112405	4112405
4321289	4321289
3953159	3953159
3515453	3515453
2211925	2211925
1840363	1840363
5175778	5175778
1022351	1022351
3660988	3660988
3064740	3064740
2651722	2651722
4164970	4164970
1355654	1355654
2879118	2879118
2292031	2292031
3519578	3519578
4137496	4137496
2760531	2760531
5381668	5381668
1293398	1293398
3598630	3598630
1529184	1529184
2018686	2018686
3547317	3547317
5379086	5379086
4522569	4522569
1071493	1071493
2598682	2598682
3208848	3208848
5245892	5245892
1418910	1418910
5432361	5432361
4391129	4391129
4057988	4057988
1112236	1112236
4153145	4153145
5124072	5124072
4740219	4740219
1760186	1760186
4356914	4356914
1488443	1488443
4901568	4901568
5641818	5641818
2305315	2305315
1565810	1565810
4633892	4633892
3709680	3709680
1382542	1382542
3397622	3397622
4961147	4961147
4118998	4118998
4075171	4075171
3732130	3732130
3482504	3482504
5616130	5616130
2691249	2691249
2397462	2397462
5067264	5067264
4659516	4659516
4950697	4950697
3458733	3458733
5436070	5436070
3078350	3078350
1246660	1246660
5129511	5129511
5028934	5028934
4466664	4466664
4681215	4681215
1270022	1270022
2814860	2814860
4561665	4561665
5345651	5345651
4322924	4322924
2798457	2798457
5772922	5772922
2759443	2759443
5004595	5004595
2102076	2102076
4809507	4809507
3768204	3768204
2984834	2984834
2532621	2532621
4675437	4675437
2582250	2582250
5936175	5936175
3740836	3740836
4930605	4930605
4656919	4656919
5586799	5586799
3445981	3445981
3883234	3883234
1950710	1950710
3517849	3517849
1361785	1361785
2899931	2899931
1704892	1704892
5489453	5489453
5575957	5575957
5008392	5008392
5439330	5439330
1087806	1087806
3177979	3177979
2320274	2320274
1882282	1882282
2536481	2536481
2952265	2952265
2450242	2450242
3416158	3416158
2840178	2840178
3215056	3215056
4205982	4205982
5384384	5384384
2340749	2340749
2766221	2766221
2679849	2679849
5543789	5543789
2096185	2096185
4825862	4825862
4383977	4383977
1583340	1583340
2741329	2741329
5847246	5847246
5759241	5759241
5334343	5334343
5104376	5104376
1835169	1835169
5159588	5159588
2873893	2873893
5320714	5320714
4594193	4594193
4969234	4969234
4260092	4260092
1298125	1298125
3564036	3564036
4369569	4369569
3934416	3934416
5598060	5598060
5484936	5484936
2665511	2665511
2009392	2009392
4653707	4653707
3323691	3323691
3529858	3529858
3676329	3676329
2832372	2832372
5858124	5858124
2321832	2321832
1549501	1549501
1823920	1823920
3138526	3138526
5330723	5330723
2522637	2522637
4929762	4929762
4857552	4857552
3427144	3427144
1677068	1677068
1529962	1529962
5872964	5872964
2678744	2678744
2450585	2450585
4288665	4288665
3565734	3565734
2525128	2525128
5539240	5539240
5216298	5216298
5747593	5747593
4899318	4899318
3413201	3413201
3346024	3346024
5294283	5294283
3146035	3146035
4922609	4922609
1764627	1764627
3886563	3886563
5958164	5958164
5144426	5144426
2127774	2127774
4181930	4181930
1151926	1151926
2557307	2557307
2349374	2349374
1867393	1867393
3196782	3196782
3164622	3164622
2918372	2918372
2917272	2917272
2015759	2015759
3975923	3975923
1535489	1535489
1654065	1654065
4336481	4336481
5101314	5101314
3015500	3015500
2180087	2180087
1312880	1312880
2234615	2234615
2711984	2711984
4248846	4248846
2015934	2015934
3700416	3700416
1779214	1779214
3902004	3902004
2084308	2084308
3047440	3047440
4336220	4336220
3574399	3574399
2395324	2395324
1033865	1033865
1630614	1630614
4116893	4116893
2341692	2341692
4031850	4031850
2412483	2412483
2515645	2515645
5253645	5253645
2585181	2585181
5039224	5039224
1359633	1359633
2035658	2035658
5611575	5611575
3666637	3666637
2945924	2945924
1311356	1311356
1830362	1830362
1656864	1656864
5696146	5696146
4942008	4942008
4118013	4118013
3926632	3926632
2565373	2565373
4415487	4415487
4768739	4768739
4765438	4765438
4307215	4307215
3262977	3262977
5439842	5439842
2873992	2873992
1987300	1987300
2171931	2171931
4329905	4329905
3864586	3864586
4875544	4875544
1391652	1391652
5761907	5761907
3445476	3445476
1163474	1163474
4794787	4794787
3724246	3724246
4469600	4469600
5800414	5800414
3856676	3856676
5772990	5772990
2720507	2720507
4651453	4651453
2116093	2116093
2612064	2612064
3688872	3688872
5702613	5702613
4099768	4099768
3071233	3071233
5167261	5167261
5647193	5647193
3281453	3281453
1356404	1356404
4365034	4365034
1559714	1559714
2551175	2551175
4599986	4599986
4184960	4184960
1182284	1182284
5958421	5958421
5989950	5989950
5290593	5290593
5599145	5599145
3547393	3547393
2673458	2673458
4706322	4706322
3841422	3841422
4879689	4879689
3032937	3032937
3446612	3446612
4029190	4029190
2502289	2502289
3765535	3765535
2643601	2643601
3263671	3263671
4538146	4538146
1199520	1199520
3667412	3667412
1092192	1092192
3204644	3204644
3417330	3417330
3317101	3317101
4333863	4333863
4569895	4569895
5956540	5956540
2833267	2833267
1360501	1360501
3706507	3706507
1210593	1210593
5224104	5224104
5211681	5211681
3200657	3200657
1018059	1018059
1166384	1166384
4101476	4101476
5561450	5561450
3207049	3207049
5316446	5316446
2303220	2303220
2684396	2684396
1667977	1667977
5728963	5728963
4957635	4957635
2786683	2786683
5136968	5136968
2078807	2078807
2737084	2737084
4240630	4240630
3629526	3629526
1885706	1885706
2115655	2115655
2716348	2716348
1683008	1683008
1148371	1148371
5947637	5947637
5639592	5639592
4755702	4755702
3643280	3643280
5701300	5701300
5110994	5110994
1987077	1987077
2836282	2836282
3821246	3821246
5383969	5383969
5233771	5233771
1532455	1532455
2129899	2129899
5672016	5672016
3172847	3172847
3880675	3880675
4418218	4418218
4389046	4389046
4118420	4118420
5054329	5054329
1546707	1546707
1008334	1008334
3889232	3889232
4004829	4004829
5914543	5914543
5031711	5031711
5048164	5048164
2217023	2217023
4445910	4445910
3590060	3590060
1855977	1855977
2302291	2302291
3979688	3979688
3941880	3941880
4942288	4942288
2544076	2544076
3537414	3537414
3681288	3681288
1642563	1642563
3341483	3341483
5549017	5549017
2168179	2168179
1057293	1057293
2213877	2213877
3492067	3492067
5131792	5131792
2469758	2469758
2202867	2202867
3783452	3783452
1251873	1251873
2372456	2372456
1692453	1692453
2174284	2174284
2072661	2072661
2954785	2954785
1009484	1009484
4627400	4627400
2499237	2499237
5096948	5096948
3132862	3132862
3660063	3660063
5757650	5757650
2262318	2262318
3362660	3362660
3495293	3495293
3565914	3565914
4360668	4360668
4589314	4589314
5803451	5803451
4533246	4533246
3651822	3651822
4020981	4020981
4349030	4349030
1833529	1833529
4974527	4974527
5285968	5285968
2348726	2348726
3404723	3404723
2064214	2064214
3648712	3648712
5810009	5810009
4436366	4436366
2954942	2954942
3658047	3658047
5873907	5873907
2434382	2434382
2150322	2150322
2181170	2181170
2551620	2551620
1172375	1172375
1468542	1468542
2061225	2061225
3510438	3510438
4470345	4470345
6022637	6022637
2779522	2779522
3205482	3205482
5461806	5461806
1285620	1285620
3347850	3347850
1432824	1432824
1178499	1178499
5783661	5783661
5307236	5307236
1330512	1330512
5260275	5260275
4819815	4819815
1919056	1919056
4052685	4052685
4445991	4445991
4185409	4185409
1758270	1758270
5434399	5434399
2526980	2526980
5684802	5684802
4162683	4162683
5897499	5897499
3489666	3489666
2139127	2139127
1606892	1606892
2546025	2546025
4126176	4126176
2329598	2329598
1663415	1663415
4674254	4674254
5596228	5596228
2212588	2212588
4831217	4831217
2384513	2384513
3199844	3199844
4625703	4625703
5433129	5433129
1524446	1524446
4591819	4591819
3446361	3446361
5954267	5954267
5570865	5570865
4515508	4515508
3406190	3406190
3265263	3265263
3764910	3764910
3484701	3484701
5374518	5374518
3645730	3645730
2605018	2605018
5231328	5231328
1066864	1066864
4683928	4683928
5826817	5826817
2251773	2251773
2518683	2518683
1353629	1353629
3943610	3943610
2157033	2157033
2064751	2064751
2383162	2383162
5734651	5734651
1729253	1729253
2671841	2671841
5573233	5573233
5541106	5541106
2126818	2126818
2775350	2775350
2489051	2489051
4479545	4479545
4532685	4532685
1336085	1336085
4557593	4557593
2602702	2602702
5171100	5171100
1075350	1075350
5198105	5198105
5144747	5144747
4602764	4602764
5030330	5030330
1227118	1227118
1679673	1679673
3177533	3177533
2243241	2243241
5552002	5552002
3871918	3871918
4701966	4701966
1556937	1556937
3160692	3160692
3287881	3287881
3173166	3173166
2154744	2154744
2892360	2892360
3281891	3281891
1129081	1129081
3977907	3977907
5809153	5809153
2044030	2044030
2383582	2383582
5230716	5230716
2939018	2939018
5942211	5942211
4726760	4726760
1254551	1254551
2526041	2526041
5193517	5193517
2177261	2177261
3970497	3970497
4009179	4009179
2709260	2709260
4268985	4268985
3182088	3182088
3837054	3837054
2136199	2136199
2792398	2792398
4158725	4158725
3593566	3593566
3532135	3532135
1593769	1593769
4887573	4887573
1212949	1212949
5636729	5636729
4162141	4162141
4192411	4192411
3634081	3634081
4001359	4001359
5722751	5722751
2097175	2097175
4807526	4807526
5651651	5651651
4683771	4683771
4722260	4722260
2870565	2870565
2918560	2918560
2187179	2187179
5550929	5550929
2589728	2589728
5457702	5457702
2796709	2796709
3154920	3154920
5814288	5814288
2848822	2848822
1085120	1085120
4220825	4220825
4918552	4918552
2168732	2168732
5925525	5925525
3473461	3473461
5454046	5454046
2911024	2911024
5125255	5125255
5944081	5944081
1204384	1204384
3695201	3695201
1315140	1315140
3286047	3286047
3782179	3782179
1302539	1302539
5898719	5898719
2501664	2501664
2498492	2498492
4211458	4211458
2950382	2950382
4917846	4917846
3775566	3775566
2733284	2733284
4862842	4862842
2948202	2948202
2643878	2643878
2914125	2914125
5765222	5765222
2572434	2572434
5610310	5610310
3320042	3320042
4329222	4329222
1608262	1608262
3654757	3654757
5933869	5933869
5908970	5908970
1630864	1630864
3393139	3393139
3643173	3643173
3130810	3130810
4853193	4853193
1132771	1132771
2384077	2384077
2031578	2031578
2986278	2986278
4334759	4334759
5258546	5258546
3758345	3758345
5000064	5000064
3103446	3103446
3586435	3586435
4472515	4472515
2887280	2887280
2016445	2016445
5716398	5716398
5679906	5679906
2906657	2906657
1633561	1633561
4432087	4432087
3885955	3885955
3087253	3087253
1188266	1188266
3730082	3730082
2894206	2894206
1757735	1757735
3293891	3293891
2339521	2339521
1921478	1921478
5158556	5158556
5819412	5819412
2227734	2227734
3125857	3125857
2797021	2797021
5506077	5506077
6010175	6010175
5358199	5358199
4977183	4977183
4422506	4422506
5161321	5161321
5475467	5475467
2742794	2742794
4414326	4414326
2687021	2687021
5952793	5952793
3950897	3950897
3600860	3600860
1889203	1889203
4094810	4094810
6002306	6002306
1178873	1178873
4831289	4831289
1560497	1560497
2243750	2243750
2745016	2745016
4089176	4089176
4147391	4147391
2398857	2398857
4713570	4713570
2255861	2255861
6010243	6010243
2182945	2182945
2610188	2610188
4821494	4821494
1707108	1707108
3984634	3984634
3857907	3857907
4738164	4738164
1721938	1721938
3620818	3620818
4566137	4566137
1307119	1307119
5744874	5744874
1907087	1907087
1468426	1468426
1319230	1319230
1089229	1089229
4348473	4348473
3974488	3974488
4429033	4429033
5623819	5623819
1209731	1209731
4982433	4982433
5489377	5489377
4424388	4424388
5015114	5015114
3101190	3101190
3310066	3310066
4222100	4222100
3142321	3142321
2633247	2633247
4002435	4002435
2331512	2331512
3411331	3411331
3119815	3119815
5722552	5722552
2949652	2949652
2722998	2722998
4099066	4099066
2598770	2598770
5291021	5291021
1086304	1086304
3389603	3389603
3834857	3834857
3537207	3537207
2346477	2346477
1778728	1778728
3150444	3150444
2597937	2597937
4605071	4605071
1349012	1349012
3693160	3693160
3529112	3529112
4364914	4364914
4333025	4333025
4899198	4899198
1314573	1314573
2072283	2072283
2325043	2325043
5722686	5722686
5008289	5008289
3991325	3991325
2193933	2193933
3130887	3130887
4479125	4479125
2208645	2208645
2540409	2540409
1526975	1526975
3522898	3522898
1870791	1870791
3992943	3992943
2953549	2953549
3587783	3587783
3330793	3330793
2429975	2429975
5741542	5741542
1130735	1130735
1455657	1455657
1876833	1876833
4948103	4948103
4895336	4895336
3114754	3114754
5916927	5916927
1533778	1533778
3179658	3179658
1933220	1933220
3712161	3712161
3628222	3628222
5089052	5089052
1758467	1758467
5005726	5005726
3552789	3552789
1611368	1611368
1631712	1631712
2892963	2892963
2842754	2842754
5557835	5557835
5658845	5658845
3865114	3865114
4297415	4297415
1257840	1257840
3610703	3610703
1411622	1411622
1754328	1754328
3980183	3980183
4606567	4606567
3856598	3856598
1953758	1953758
2555353	2555353
4214874	4214874
4020963	4020963
2982537	2982537
5360366	5360366
3819018	3819018
2875572	2875572
5417175	5417175
3837959	3837959
4494912	4494912
4435290	4435290
4327523	4327523
4145333	4145333
6000873	6000873
3464741	3464741
4953748	4953748
2861612	2861612
5239413	5239413
3278843	3278843
1412410	1412410
5495765	5495765
2030094	2030094
3911699	3911699
1595071	1595071
1568518	1568518
5110238	5110238
1719245	1719245
2760801	2760801
5223393	5223393
2974441	2974441
5490883	5490883
4766866	4766866
4113119	4113119
1771958	1771958
4973606	4973606
2272444	2272444
4340587	4340587
2635891	2635891
2740365	2740365
4699859	4699859
4574677	4574677
4702047	4702047
3575503	3575503
2209216	2209216
5191378	5191378
3807336	3807336
3461891	3461891
5859610	5859610
1153816	1153816
1600586	1600586
1721692	1721692
2273506	2273506
4202044	4202044
5868864	5868864
3613157	3613157
4191842	4191842
2656284	2656284
2625959	2625959
1479438	1479438
1007486	1007486
5795233	5795233
5773998	5773998
3859960	3859960
2896040	2896040
5797052	5797052
3809653	3809653
1667069	1667069
4984607	4984607
5617478	5617478
1140279	1140279
3978778	3978778
3136808	3136808
4460713	4460713
3419011	3419011
4991138	4991138
5429333	5429333
4882155	4882155
5642505	5642505
3576070	3576070
1032680	1032680
4667157	4667157
1900412	1900412
5239575	5239575
1882956	1882956
5802886	5802886
1870306	1870306
5017460	5017460
5936647	5936647
5207263	5207263
1503740	1503740
5858148	5858148
3103344	3103344
2714380	2714380
2267500	2267500
1767663	1767663
3367452	3367452
1716900	1716900
3435607	3435607
5588351	5588351
5379444	5379444
3986141	3986141
5209736	5209736
1145669	1145669
4255505	4255505
4051468	4051468
3778807	3778807
3666326	3666326
3216003	3216003
3020597	3020597
2718059	2718059
1076645	1076645
3100409	3100409
2126109	2126109
1068892	1068892
1573061	1573061
1598277	1598277
4336419	4336419
5666832	5666832
1210191	1210191
4463258	4463258
2882806	2882806
1783284	1783284
5150791	5150791
3642792	3642792
3307896	3307896
2129790	2129790
2406474	2406474
3423989	3423989
5902195	5902195
4565242	4565242
5578048	5578048
2348254	2348254
4312809	4312809
5362749	5362749
2798423	2798423
1305586	1305586
1257955	1257955
3890872	3890872
5304326	5304326
3197703	3197703
1114414	1114414
5288745	5288745
3232113	3232113
2854350	2854350
4944455	4944455
4152748	4152748
5884188	5884188
5771386	5771386
1065125	1065125
2184558	2184558
5119846	5119846
5934715	5934715
5191888	5191888
1299007	1299007
1762335	1762335
1790040	1790040
1931866	1931866
2610626	2610626
2991901	2991901
3722734	3722734
5015238	5015238
4942271	4942271
2130787	2130787
4356141	4356141
1521069	1521069
1996416	1996416
2788603	2788603
3534954	3534954
2290776	2290776
2318891	2318891
4928091	4928091
1504236	1504236
1106304	1106304
4567608	4567608
4623241	4623241
2714073	2714073
2165719	2165719
4899078	4899078
2865992	2865992
1870930	1870930
5855510	5855510
5892752	5892752
2590274	2590274
2480180	2480180
2741557	2741557
1063343	1063343
5374353	5374353
1400449	1400449
2869649	2869649
1170547	1170547
2240193	2240193
1749537	1749537
5155942	5155942
1378670	1378670
3097249	3097249
3036495	3036495
2244887	2244887
1516713	1516713
5998952	5998952
2204551	2204551
3321398	3321398
4632320	4632320
3083039	3083039
5703892	5703892
5635068	5635068
1428579	1428579
5669110	5669110
3060797	3060797
1678321	1678321
2416317	2416317
2421270	2421270
4801714	4801714
1494242	1494242
3287822	3287822
2757598	2757598
1504362	1504362
4277427	4277427
4698011	4698011
4252373	4252373
3538062	3538062
3128944	3128944
4538720	4538720
5139841	5139841
3985982	3985982
1653201	1653201
1284670	1284670
2546724	2546724
3081037	3081037
5148073	5148073
1871867	1871867
3661327	3661327
3500823	3500823
2210716	2210716
4261612	4261612
2443087	2443087
2295169	2295169
2629369	2629369
5257940	5257940
5148731	5148731
1110227	1110227
2063905	2063905
5760934	5760934
3127905	3127905
3368801	3368801
3394163	3394163
4436093	4436093
1167424	1167424
5810074	5810074
3489958	3489958
1033944	1033944
3785431	3785431
5476896	5476896
1573102	1573102
1382945	1382945
2433873	2433873
1475302	1475302
3642122	3642122
2426195	2426195
4548709	4548709
2656548	2656548
3333495	3333495
1980511	1980511
3514034	3514034
3688252	3688252
5707051	5707051
4689696	4689696
4680969	4680969
4080695	4080695
2483857	2483857
2181466	2181466
1974748	1974748
5852183	5852183
2639853	2639853
2244962	2244962
5652396	5652396
2484080	2484080
5200430	5200430
2839371	2839371
5359009	5359009
5060989	5060989
5452091	5452091
4555116	4555116
2696072	2696072
1918378	1918378
1632929	1632929
5764992	5764992
4103334	4103334
1213536	1213536
1630161	1630161
2698007	2698007
4885633	4885633
2746273	2746273
4336358	4336358
1358763	1358763
2174650	2174650
4219403	4219403
4774260	4774260
3685988	3685988
1675415	1675415
1213438	1213438
1457000	1457000
2200432	2200432
5139208	5139208
3138517	3138517
5055573	5055573
6024403	6024403
1719267	1719267
4451485	4451485
4512225	4512225
1185033	1185033
2465764	2465764
5380152	5380152
2990018	2990018
5090780	5090780
1812912	1812912
5309498	5309498
5697147	5697147
3696787	3696787
4399819	4399819
5310078	5310078
5436616	5436616
5697801	5697801
5832055	5832055
4488565	4488565
2853298	2853298
4918768	4918768
5064970	5064970
2495632	2495632
4202940	4202940
1279950	1279950
2495451	2495451
2009878	2009878
3486836	3486836
5574013	5574013
4324942	4324942
1148598	1148598
5204777	5204777
2647315	2647315
5303874	5303874
2083604	2083604
2399656	2399656
1698929	1698929
2464535	2464535
1777372	1777372
5559551	5559551
1629319	1629319
1486562	1486562
2535253	2535253
3718214	3718214
1872657	1872657
4487620	4487620
4122286	4122286
2735421	2735421
1207434	1207434
3690023	3690023
2635151	2635151
2311066	2311066
1064782	1064782
5282789	5282789
4942641	4942641
3992790	3992790
4145496	4145496
3248950	3248950
4575181	4575181
2665695	2665695
5985110	5985110
4816123	4816123
3935236	3935236
4946493	4946493
5463071	5463071
3762480	3762480
3566672	3566672
4212081	4212081
5998493	5998493
3020695	3020695
5031681	5031681
4719658	4719658
2005840	2005840
3661937	3661937
2625007	2625007
4715356	4715356
1922194	1922194
4477866	4477866
2682585	2682585
1231200	1231200
4939237	4939237
1160526	1160526
2132237	2132237
1314745	1314745
4593817	4593817
5419310	5419310
3717541	3717541
3772165	3772165
3832794	3832794
3667872	3667872
4567888	4567888
1286230	1286230
4746766	4746766
4485248	4485248
2106754	2106754
4720509	4720509
1030532	1030532
4748751	4748751
5430058	5430058
2366977	2366977
2352908	2352908
4695998	4695998
1757746	1757746
5879862	5879862
3187019	3187019
3229594	3229594
1278829	1278829
2929020	2929020
5384471	5384471
2805188	2805188
1799243	1799243
4314709	4314709
6018443	6018443
1006955	1006955
4359868	4359868
5238118	5238118
5368452	5368452
2501768	2501768
1396231	1396231
5576968	5576968
2017822	2017822
2522580	2522580
2768682	2768682
3035418	3035418
5592451	5592451
3539320	3539320
5591593	5591593
5874173	5874173
1061396	1061396
2376265	2376265
4096260	4096260
5678039	5678039
4640628	4640628
2951570	2951570
2639030	2639030
5066226	5066226
2148343	2148343
3190636	3190636
5162546	5162546
5956950	5956950
3070715	3070715
2760557	2760557
4338581	4338581
1541176	1541176
5563280	5563280
2399844	2399844
4031119	4031119
3241673	3241673
5610417	5610417
5018789	5018789
4755021	4755021
4916205	4916205
2559589	2559589
3274233	3274233
1084645	1084645
5345190	5345190
2833622	2833622
1539549	1539549
1296413	1296413
2848846	2848846
2632198	2632198
3299529	3299529
2923511	2923511
5116633	5116633
2160125	2160125
2591357	2591357
5364911	5364911
1509180	1509180
1286284	1286284
3937581	3937581
4049531	4049531
3989623	3989623
3735398	3735398
2700861	2700861
2823353	2823353
3235270	3235270
5636888	5636888
2382325	2382325
2169445	2169445
5020724	5020724
4852159	4852159
1926179	1926179
5292598	5292598
1324928	1324928
1476308	1476308
4634341	4634341
5772428	5772428
3200640	3200640
2712174	2712174
1526958	1526958
2204078	2204078
2042375	2042375
5119392	5119392
5824769	5824769
3499490	3499490
3217324	3217324
4155502	4155502
1443007	1443007
2499851	2499851
4356054	4356054
1119723	1119723
4734962	4734962
1848845	1848845
2116520	2116520
4697528	4697528
2093411	2093411
3636547	3636547
2443069	2443069
3983279	3983279
2691548	2691548
1692130	1692130
1783322	1783322
2630018	2630018
4621926	4621926
3049595	3049595
1582818	1582818
5402063	5402063
1621922	1621922
5304220	5304220
3886282	3886282
4322490	4322490
1455374	1455374
1506725	1506725
5641879	5641879
2431202	2431202
5784510	5784510
2093456	2093456
5814160	5814160
2699641	2699641
5014748	5014748
1388847	1388847
3378268	3378268
3823505	3823505
2502930	2502930
5924666	5924666
1152636	1152636
4521655	4521655
5021982	5021982
3796610	3796610
3064812	3064812
2877484	2877484
3928530	3928530
4585936	4585936
5212554	5212554
1635462	1635462
2199123	2199123
1667778	1667778
3454716	3454716
4858601	4858601
4956389	4956389
5547933	5547933
4262217	4262217
1468223	1468223
2330321	2330321
1950505	1950505
5334000	5334000
2075131	2075131
5271657	5271657
5229956	5229956
3239242	3239242
2534945	2534945
3169528	3169528
1799731	1799731
1641923	1641923
4383801	4383801
2002181	2002181
3675724	3675724
2531726	2531726
1132181	1132181
1447781	1447781
3341820	3341820
2951359	2951359
2458682	2458682
3222265	3222265
3784520	3784520
1296743	1296743
1912218	1912218
4516592	4516592
2664202	2664202
3271876	3271876
2582410	2582410
1362565	1362565
5276709	5276709
3451165	3451165
5892573	5892573
5963378	5963378
3825739	3825739
5747088	5747088
4676194	4676194
5732004	5732004
3999786	3999786
6021846	6021846
5128102	5128102
4626165	4626165
4514035	4514035
4311536	4311536
4110389	4110389
3366060	3366060
4313907	4313907
3260759	3260759
3001024	3001024
2825296	2825296
3108915	3108915
5333476	5333476
2774384	2774384
4724357	4724357
1451508	1451508
3437721	3437721
5072542	5072542
4399042	4399042
1307509	1307509
5456824	5456824
2766345	2766345
2380930	2380930
3608050	3608050
5733244	5733244
4488201	4488201
4300532	4300532
3384779	3384779
1476276	1476276
3853233	3853233
2244245	2244245
3032099	3032099
2843436	2843436
2272877	2272877
1276955	1276955
2729490	2729490
5601944	5601944
5731052	5731052
2909906	2909906
1589104	1589104
5174703	5174703
1936652	1936652
2230603	2230603
5025898	5025898
2478891	2478891
1768345	1768345
1401551	1401551
2592583	2592583
1224827	1224827
4844881	4844881
3569178	3569178
5921783	5921783
1605620	1605620
1503132	1503132
1871120	1871120
2007045	2007045
3505120	3505120
1310348	1310348
1834627	1834627
3281783	3281783
4565256	4565256
3195070	3195070
1140444	1140444
2866316	2866316
5806325	5806325
4611995	4611995
2322843	2322843
4415522	4415522
3052107	3052107
3082494	3082494
2360487	2360487
2485760	2485760
5602316	5602316
5582350	5582350
5609317	5609317
3939336	3939336
1540277	1540277
3966189	3966189
1173573	1173573
6024829	6024829
3619234	3619234
5657092	5657092
5123770	5123770
5519414	5519414
3836786	3836786
1259753	1259753
3638854	3638854
1411252	1411252
1450683	1450683
2251015	2251015
2111397	2111397
1212553	1212553
4860144	4860144
4350082	4350082
5899277	5899277
2235616	2235616
4074314	4074314
2479695	2479695
2204287	2204287
4268061	4268061
4659697	4659697
5329322	5329322
4647443	4647443
3864166	3864166
2793718	2793718
2589331	2589331
5614090	5614090
3064068	3064068
5674363	5674363
2805557	2805557
4312395	4312395
3436359	3436359
3699659	3699659
2508168	2508168
1480266	1480266
2008764	2008764
1935985	1935985
4680545	4680545
3960211	3960211
3116013	3116013
2656113	2656113
4675429	4675429
2489243	2489243
5546363	5546363
1976443	1976443
4778559	4778559
5289015	5289015
4066467	4066467
3465597	3465597
5586210	5586210
2926674	2926674
4516343	4516343
2508571	2508571
2847326	2847326
5404123	5404123
5717257	5717257
3055552	3055552
5967507	5967507
2884668	2884668
1533596	1533596
3721041	3721041
4426272	4426272
1069645	1069645
4934275	4934275
4092118	4092118
2316691	2316691
2558775	2558775
2049700	2049700
5167056	5167056
1774089	1774089
4707482	4707482
4968154	4968154
2387385	2387385
1471794	1471794
1899359	1899359
4028201	4028201
2967962	2967962
1029389	1029389
4143253	4143253
4439741	4439741
2732139	2732139
3828399	3828399
3812036	3812036
1393527	1393527
4973942	4973942
3454259	3454259
4225070	4225070
5897532	5897532
4521732	4521732
5202029	5202029
5143703	5143703
3678745	3678745
2213037	2213037
4103132	4103132
4923446	4923446
3579856	3579856
2098168	2098168
4065231	4065231
2827056	2827056
2040061	2040061
4885424	4885424
1826372	1826372
4515610	4515610
1789037	1789037
3708023	3708023
2921898	2921898
1305056	1305056
1920172	1920172
5949438	5949438
5329079	5329079
4076396	4076396
1842035	1842035
3482398	3482398
1781271	1781271
5842178	5842178
5081601	5081601
3056563	3056563
2893052	2893052
5939772	5939772
1226132	1226132
5135299	5135299
